==5754== Memcheck, a memory error detector.
==5754== Copyright (C) 2002-2007, and GNU GPL'd, by Julian Seward et al.
==5754== Using LibVEX rev 1732, a library for dynamic binary translation.
==5754== Copyright (C) 2004-2007, and GNU GPL'd, by OpenWorks LLP.
==5754== Using valgrind-3.2.3, a dynamic binary instrumentation framework.
==5754== Copyright (C) 2000-2007, and GNU GPL'd, by Julian Seward et al.
==5754== For more details, rerun with: -v
==5754== 
il el em 0 0 0
il el em 1 1 -1
il el em 2 1 0
il el em 3 1 1
il el em 4 2 -2
il el em 5 2 -1
il el em 6 2 0
il el em 7 2 1
il el em 8 2 2
il el em 0 0 0
il el em 1 1 -1
il el em 2 1 0
il el em 3 1 1
il el em 4 2 -2
il el em 5 2 -1
il el em 6 2 0
il el em 7 2 1
il el em 8 2 2
Reading in numerators and denominators
Unpacking covariance matrices from file 
Warning in <TH1::Build>: Replacing existing histogram: CovNumPionCYlm (Potential memory leak).
Warning in <TH1::Build>: Replacing existing histogram: CovDenPionCYlm (Potential memory leak).
==5754== Invalid read of size 8
==5754==    at 0x40443B: CorrFctnDirectYlm::DeltaJ(double, double, double) (CorrFctnDirectYlm.cxx:205)
==5754==    by 0x404A36: CorrFctnDirectYlm::ClebschGordan(double, double, double, double, double, double) (CorrFctnDirectYlm.cxx:194)
==5754==    by 0x404B28: CorrFctnDirectYlm::WignerSymbol(double, double, double, double, double, double) (CorrFctnDirectYlm.cxx:214)
==5754==    by 0x404EDD: CorrFctnDirectYlm::GetMtilde(std::complex<double>*, double*) (CorrFctnDirectYlm.cxx:253)
==5754==    by 0x406148: CorrFctnDirectYlm::Finish() (CorrFctnDirectYlm.cxx:393)
==5754==    by 0x408C63: CorrFctnDirectYlm::ReadFromFile(TFile*, char const*, int) (CorrFctnDirectYlm.cxx:811)
==5754==    by 0x402427: main (testclassread.cxx:17)
==5754==  Address 0xA516A18 is 8 bytes before a block of size 96 alloc'd
==5754==    at 0x4C1F996: malloc (in /usr/lib64/valgrind/amd64-linux/vgpreload_memcheck.so)
==5754==    by 0x40939D: CorrFctnDirectYlm::CorrFctnDirectYlm(char const*, int, int, double, double) (CorrFctnDirectYlm.cxx:24)
==5754==    by 0x402388: main (testclassread.cxx:15)
==5754== 
==5754== Invalid read of size 8
==5754==    at 0x40443B: CorrFctnDirectYlm::DeltaJ(double, double, double) (CorrFctnDirectYlm.cxx:205)
==5754==    by 0x404A36: CorrFctnDirectYlm::ClebschGordan(double, double, double, double, double, double) (CorrFctnDirectYlm.cxx:194)
==5754==    by 0x404B28: CorrFctnDirectYlm::WignerSymbol(double, double, double, double, double, double) (CorrFctnDirectYlm.cxx:214)
==5754==    by 0x404F93: CorrFctnDirectYlm::GetMtilde(std::complex<double>*, double*) (CorrFctnDirectYlm.cxx:254)
==5754==    by 0x406148: CorrFctnDirectYlm::Finish() (CorrFctnDirectYlm.cxx:393)
==5754==    by 0x408C63: CorrFctnDirectYlm::ReadFromFile(TFile*, char const*, int) (CorrFctnDirectYlm.cxx:811)
==5754==    by 0x402427: main (testclassread.cxx:17)
==5754==  Address 0xA516A18 is 8 bytes before a block of size 96 alloc'd
==5754==    at 0x4C1F996: malloc (in /usr/lib64/valgrind/amd64-linux/vgpreload_memcheck.so)
==5754==    by 0x40939D: CorrFctnDirectYlm::CorrFctnDirectYlm(char const*, int, int, double, double) (CorrFctnDirectYlm.cxx:24)
==5754==    by 0x402388: main (testclassread.cxx:15)
==5754== 
==5754== Invalid read of size 8
==5754==    at 0x40440B: CorrFctnDirectYlm::DeltaJ(double, double, double) (CorrFctnDirectYlm.cxx:205)
==5754==    by 0x404A36: CorrFctnDirectYlm::ClebschGordan(double, double, double, double, double, double) (CorrFctnDirectYlm.cxx:194)
==5754==    by 0x404B28: CorrFctnDirectYlm::WignerSymbol(double, double, double, double, double, double) (CorrFctnDirectYlm.cxx:214)
==5754==    by 0x404EDD: CorrFctnDirectYlm::GetMtilde(std::complex<double>*, double*) (CorrFctnDirectYlm.cxx:253)
==5754==    by 0x406148: CorrFctnDirectYlm::Finish() (CorrFctnDirectYlm.cxx:393)
==5754==    by 0x408C63: CorrFctnDirectYlm::ReadFromFile(TFile*, char const*, int) (CorrFctnDirectYlm.cxx:811)
==5754==    by 0x402427: main (testclassread.cxx:17)
==5754==  Address 0xA516A18 is 8 bytes before a block of size 96 alloc'd
==5754==    at 0x4C1F996: malloc (in /usr/lib64/valgrind/amd64-linux/vgpreload_memcheck.so)
==5754==    by 0x40939D: CorrFctnDirectYlm::CorrFctnDirectYlm(char const*, int, int, double, double) (CorrFctnDirectYlm.cxx:24)
==5754==    by 0x402388: main (testclassread.cxx:15)
==5754== 
==5754== Invalid read of size 8
==5754==    at 0x40440B: CorrFctnDirectYlm::DeltaJ(double, double, double) (CorrFctnDirectYlm.cxx:205)
==5754==    by 0x404A36: CorrFctnDirectYlm::ClebschGordan(double, double, double, double, double, double) (CorrFctnDirectYlm.cxx:194)
==5754==    by 0x404B28: CorrFctnDirectYlm::WignerSymbol(double, double, double, double, double, double) (CorrFctnDirectYlm.cxx:214)
==5754==    by 0x404F93: CorrFctnDirectYlm::GetMtilde(std::complex<double>*, double*) (CorrFctnDirectYlm.cxx:254)
==5754==    by 0x406148: CorrFctnDirectYlm::Finish() (CorrFctnDirectYlm.cxx:393)
==5754==    by 0x408C63: CorrFctnDirectYlm::ReadFromFile(TFile*, char const*, int) (CorrFctnDirectYlm.cxx:811)
==5754==    by 0x402427: main (testclassread.cxx:17)
==5754==  Address 0xA516A18 is 8 bytes before a block of size 96 alloc'd
==5754==    at 0x4C1F996: malloc (in /usr/lib64/valgrind/amd64-linux/vgpreload_memcheck.so)
==5754==    by 0x40939D: CorrFctnDirectYlm::CorrFctnDirectYlm(char const*, int, int, double, double) (CorrFctnDirectYlm.cxx:24)
==5754==    by 0x402388: main (testclassread.cxx:15)
==5754== 
==5754== Invalid read of size 8
==5754==    at 0x404474: CorrFctnDirectYlm::DeltaJ(double, double, double) (CorrFctnDirectYlm.cxx:205)
==5754==    by 0x404A36: CorrFctnDirectYlm::ClebschGordan(double, double, double, double, double, double) (CorrFctnDirectYlm.cxx:194)
==5754==    by 0x404B28: CorrFctnDirectYlm::WignerSymbol(double, double, double, double, double, double) (CorrFctnDirectYlm.cxx:214)
==5754==    by 0x404EDD: CorrFctnDirectYlm::GetMtilde(std::complex<double>*, double*) (CorrFctnDirectYlm.cxx:253)
==5754==    by 0x406148: CorrFctnDirectYlm::Finish() (CorrFctnDirectYlm.cxx:393)
==5754==    by 0x408C63: CorrFctnDirectYlm::ReadFromFile(TFile*, char const*, int) (CorrFctnDirectYlm.cxx:811)
==5754==    by 0x402427: main (testclassread.cxx:17)
==5754==  Address 0xA516A18 is 8 bytes before a block of size 96 alloc'd
==5754==    at 0x4C1F996: malloc (in /usr/lib64/valgrind/amd64-linux/vgpreload_memcheck.so)
==5754==    by 0x40939D: CorrFctnDirectYlm::CorrFctnDirectYlm(char const*, int, int, double, double) (CorrFctnDirectYlm.cxx:24)
==5754==    by 0x402388: main (testclassread.cxx:15)
==5754== 
==5754== Invalid read of size 8
==5754==    at 0x404474: CorrFctnDirectYlm::DeltaJ(double, double, double) (CorrFctnDirectYlm.cxx:205)
==5754==    by 0x404A36: CorrFctnDirectYlm::ClebschGordan(double, double, double, double, double, double) (CorrFctnDirectYlm.cxx:194)
==5754==    by 0x404B28: CorrFctnDirectYlm::WignerSymbol(double, double, double, double, double, double) (CorrFctnDirectYlm.cxx:214)
==5754==    by 0x404F93: CorrFctnDirectYlm::GetMtilde(std::complex<double>*, double*) (CorrFctnDirectYlm.cxx:254)
==5754==    by 0x406148: CorrFctnDirectYlm::Finish() (CorrFctnDirectYlm.cxx:393)
==5754==    by 0x408C63: CorrFctnDirectYlm::ReadFromFile(TFile*, char const*, int) (CorrFctnDirectYlm.cxx:811)
==5754==    by 0x402427: main (testclassread.cxx:17)
==5754==  Address 0xA516A18 is 8 bytes before a block of size 96 alloc'd
==5754==    at 0x4C1F996: malloc (in /usr/lib64/valgrind/amd64-linux/vgpreload_memcheck.so)
==5754==    by 0x40939D: CorrFctnDirectYlm::CorrFctnDirectYlm(char const*, int, int, double, double) (CorrFctnDirectYlm.cxx:24)
==5754==    by 0x402388: main (testclassread.cxx:15)
C calculation for bin 0
Delta T matrix 
 -2.35e-17         0 -1.99e-18 -3.92e-18 -1.28e-19         0  1.99e-18 -3.92e-18 -2.99e-19   1.7e-18  2.72e-18 -1.01e-18 -4.32e-19         0 -2.72e-18 -1.01e-18 -2.99e-19  -1.7e-18
         0         0         0         0         0         0         0         0         0         0         0         0         0         0         0         0         0         0
 -1.99e-18         0 -1.69e-19 -3.33e-19 -1.09e-20         0  1.69e-19 -3.33e-19 -2.54e-20  1.44e-19  2.31e-19 -8.59e-20 -3.66e-20         0 -2.31e-19 -8.59e-20 -2.54e-20 -1.44e-19
 -3.92e-18         0 -3.33e-19 -6.54e-19 -2.14e-20         0  3.33e-19 -6.54e-19    -5e-20  2.84e-19  4.53e-19 -1.69e-19  -7.2e-20         0 -4.53e-19 -1.69e-19    -5e-20 -2.84e-19
 -1.28e-19         0 -1.09e-20 -2.14e-20    -7e-22         0  1.09e-20 -2.14e-20 -1.64e-21  9.29e-21  1.48e-20 -5.53e-21 -2.36e-21         0 -1.48e-20 -5.53e-21 -1.64e-21 -9.29e-21
         0         0         0         0         0         0         0         0         0         0         0         0         0         0         0         0         0         0
  1.99e-18         0  1.69e-19  3.33e-19  1.09e-20         0 -1.69e-19  3.33e-19  2.54e-20 -1.44e-19 -2.31e-19  8.59e-20  3.66e-20         0  2.31e-19  8.59e-20  2.54e-20  1.44e-19
 -3.92e-18         0 -3.33e-19 -6.54e-19 -2.14e-20         0  3.33e-19 -6.54e-19    -5e-20  2.84e-19  4.53e-19 -1.69e-19  -7.2e-20         0 -4.53e-19 -1.69e-19    -5e-20 -2.84e-19
 -2.99e-19         0 -2.54e-20    -5e-20 -1.64e-21         0  2.54e-20    -5e-20 -3.82e-21  2.17e-20  3.46e-20 -1.29e-20  -5.5e-21         0 -3.46e-20 -1.29e-20 -3.82e-21 -2.17e-20
   1.7e-18         0  1.44e-19  2.84e-19  9.29e-21         0 -1.44e-19  2.84e-19  2.17e-20 -1.23e-19 -1.97e-19  7.34e-20  3.13e-20         0  1.97e-19  7.34e-20  2.17e-20  1.23e-19
  2.72e-18         0  2.31e-19  4.53e-19  1.48e-20         0 -2.31e-19  4.53e-19  3.46e-20 -1.97e-19 -3.14e-19  1.17e-19  4.99e-20         0  3.14e-19  1.17e-19  3.46e-20  1.97e-19
 -1.01e-18         0 -8.59e-20 -1.69e-19 -5.53e-21         0  8.59e-20 -1.69e-19 -1.29e-20  7.34e-20  1.17e-19 -4.37e-20 -1.86e-20         0 -1.17e-19 -4.37e-20 -1.29e-20 -7.34e-20
 -4.32e-19         0 -3.66e-20  -7.2e-20 -2.36e-21         0  3.66e-20  -7.2e-20  -5.5e-21  3.13e-20  4.99e-20 -1.86e-20 -7.93e-21         0 -4.99e-20 -1.86e-20  -5.5e-21 -3.13e-20
         0         0         0         0         0         0         0         0         0         0         0         0         0         0         0         0         0         0
 -2.72e-18         0 -2.31e-19 -4.53e-19 -1.48e-20         0  2.31e-19 -4.53e-19 -3.46e-20  1.97e-19  3.14e-19 -1.17e-19 -4.99e-20         0 -3.14e-19 -1.17e-19 -3.46e-20 -1.97e-19
 -1.01e-18         0 -8.59e-20 -1.69e-19 -5.53e-21         0  8.59e-20 -1.69e-19 -1.29e-20  7.34e-20  1.17e-19 -4.37e-20 -1.86e-20         0 -1.17e-19 -4.37e-20 -1.29e-20 -7.34e-20
 -2.99e-19         0 -2.54e-20    -5e-20 -1.64e-21         0  2.54e-20    -5e-20 -3.82e-21  2.17e-20  3.46e-20 -1.29e-20  -5.5e-21         0 -3.46e-20 -1.29e-20 -3.82e-21 -2.17e-20
  -1.7e-18         0 -1.44e-19 -2.84e-19 -9.29e-21         0  1.44e-19 -2.84e-19 -2.17e-20  1.23e-19  1.97e-19 -7.34e-20 -3.13e-20         0 -1.97e-19 -7.34e-20 -2.17e-20 -1.23e-19
Delta T matrix packed 
Packed size is 15
 -2.35e-17 -1.99e-18 -3.92e-18 -1.28e-19  1.99e-18 -3.92e-18 -2.99e-19   1.7e-18  2.72e-18 -1.01e-18 -4.32e-19 -2.72e-18 -1.01e-18 -2.99e-19  -1.7e-18
 -1.99e-18 -1.69e-19 -3.33e-19 -1.09e-20  1.69e-19 -3.33e-19 -2.54e-20  1.44e-19  2.31e-19 -8.59e-20 -3.66e-20 -2.31e-19 -8.59e-20 -2.54e-20 -1.44e-19
 -3.92e-18 -3.33e-19 -6.54e-19 -2.14e-20  3.33e-19 -6.54e-19    -5e-20  2.84e-19  4.53e-19 -1.69e-19  -7.2e-20 -4.53e-19 -1.69e-19    -5e-20 -2.84e-19
 -1.28e-19 -1.09e-20 -2.14e-20    -7e-22  1.09e-20 -2.14e-20 -1.64e-21  9.29e-21  1.48e-20 -5.53e-21 -2.36e-21 -1.48e-20 -5.53e-21 -1.64e-21 -9.29e-21
  1.99e-18  1.69e-19  3.33e-19  1.09e-20 -1.69e-19  3.33e-19  2.54e-20 -1.44e-19 -2.31e-19  8.59e-20  3.66e-20  2.31e-19  8.59e-20  2.54e-20  1.44e-19
 -3.92e-18 -3.33e-19 -6.54e-19 -2.14e-20  3.33e-19 -6.54e-19    -5e-20  2.84e-19  4.53e-19 -1.69e-19  -7.2e-20 -4.53e-19 -1.69e-19    -5e-20 -2.84e-19
 -2.99e-19 -2.54e-20    -5e-20 -1.64e-21  2.54e-20    -5e-20 -3.82e-21  2.17e-20  3.46e-20 -1.29e-20  -5.5e-21 -3.46e-20 -1.29e-20 -3.82e-21 -2.17e-20
   1.7e-18  1.44e-19  2.84e-19  9.29e-21 -1.44e-19  2.84e-19  2.17e-20 -1.23e-19 -1.97e-19  7.34e-20  3.13e-20  1.97e-19  7.34e-20  2.17e-20  1.23e-19
  2.72e-18  2.31e-19  4.53e-19  1.48e-20 -2.31e-19  4.53e-19  3.46e-20 -1.97e-19 -3.14e-19  1.17e-19  4.99e-20  3.14e-19  1.17e-19  3.46e-20  1.97e-19
 -1.01e-18 -8.59e-20 -1.69e-19 -5.53e-21  8.59e-20 -1.69e-19 -1.29e-20  7.34e-20  1.17e-19 -4.37e-20 -1.86e-20 -1.17e-19 -4.37e-20 -1.29e-20 -7.34e-20
 -4.32e-19 -3.66e-20  -7.2e-20 -2.36e-21  3.66e-20  -7.2e-20  -5.5e-21  3.13e-20  4.99e-20 -1.86e-20 -7.93e-21 -4.99e-20 -1.86e-20  -5.5e-21 -3.13e-20
 -2.72e-18 -2.31e-19 -4.53e-19 -1.48e-20  2.31e-19 -4.53e-19 -3.46e-20  1.97e-19  3.14e-19 -1.17e-19 -4.99e-20 -3.14e-19 -1.17e-19 -3.46e-20 -1.97e-19
 -1.01e-18 -8.59e-20 -1.69e-19 -5.53e-21  8.59e-20 -1.69e-19 -1.29e-20  7.34e-20  1.17e-19 -4.37e-20 -1.86e-20 -1.17e-19 -4.37e-20 -1.29e-20 -7.34e-20
 -2.99e-19 -2.54e-20    -5e-20 -1.64e-21  2.54e-20    -5e-20 -3.82e-21  2.17e-20  3.46e-20 -1.29e-20  -5.5e-21 -3.46e-20 -1.29e-20 -3.82e-21 -2.17e-20
  -1.7e-18 -1.44e-19 -2.84e-19 -9.29e-21  1.44e-19 -2.84e-19 -2.17e-20  1.23e-19  1.97e-19 -7.34e-20 -3.13e-20 -1.97e-19 -7.34e-20 -2.17e-20 -1.23e-19
Mtilde matrix 
  5.87e-06         0 -6.13e-07   4.4e-07 -5.08e-07         0  6.13e-07   4.4e-07 -5.98e-08  2.94e-07  6.77e-07 -7.48e-08 -4.53e-08         0 -6.77e-07 -7.48e-08 -5.98e-08 -2.94e-07
         0  5.87e-06  -4.4e-07 -6.13e-07         0 -5.08e-07  -4.4e-07  6.13e-07 -2.94e-07 -5.98e-08  7.48e-08  6.77e-07         0 -4.53e-08  7.48e-08 -6.77e-07  2.94e-07 -5.98e-08
 -6.13e-07  -4.4e-07  5.89e-06         0  5.25e-07  5.79e-08  6.56e-08  3.22e-07 -6.72e-07  4.82e-07 -3.94e-07         0  2.74e-07  1.97e-07         0         0         0         0
   4.4e-07 -6.13e-07         0  5.89e-06 -5.79e-08  5.25e-07 -3.22e-07  6.56e-08 -4.82e-07 -6.72e-07         0 -3.94e-07 -1.97e-07  2.74e-07         0         0         0         0
 -5.08e-07         0  5.25e-07 -5.79e-08  5.83e-06         0 -5.25e-07 -5.79e-08         0         0 -4.75e-07  3.41e-07 -4.55e-07         0  4.75e-07  3.41e-07         0         0
         0 -5.08e-07  5.79e-08  5.25e-07         0  5.83e-06  5.79e-08 -5.25e-07         0         0 -3.41e-07 -4.75e-07         0 -4.55e-07 -3.41e-07  4.75e-07         0         0
  6.13e-07  -4.4e-07  6.56e-08 -3.22e-07 -5.25e-07  5.79e-08  5.89e-06         0         0         0         0         0 -2.74e-07  1.97e-07 -3.94e-07         0  6.72e-07  4.82e-07
   4.4e-07  6.13e-07  3.22e-07  6.56e-08 -5.79e-08 -5.25e-07         0  5.89e-06         0         0         0         0 -1.97e-07 -2.74e-07         0 -3.94e-07 -4.82e-07  6.72e-07
 -5.98e-08 -2.94e-07 -6.72e-07 -4.82e-07         0         0         0         0   5.9e-06         0   5.3e-07  5.85e-08  3.82e-08  1.88e-07         0         0         0         0
  2.94e-07 -5.98e-08  4.82e-07 -6.72e-07         0         0         0         0         0   5.9e-06 -5.85e-08   5.3e-07 -1.88e-07  3.82e-08         0         0         0         0
  6.77e-07  7.48e-08 -3.94e-07         0 -4.75e-07 -3.41e-07         0         0   5.3e-07 -5.85e-08  5.85e-06         0  2.16e-07  2.39e-08  4.68e-08   2.3e-07         0         0
 -7.48e-08  6.77e-07         0 -3.94e-07  3.41e-07 -4.75e-07         0         0  5.85e-08   5.3e-07         0  5.85e-06 -2.39e-08  2.16e-07  -2.3e-07  4.68e-08         0         0
 -4.53e-08         0  2.74e-07 -1.97e-07 -4.55e-07         0 -2.74e-07 -1.97e-07  3.82e-08 -1.88e-07  2.16e-07 -2.39e-08  5.84e-06         0 -2.16e-07 -2.39e-08  3.82e-08  1.88e-07
         0 -4.53e-08  1.97e-07  2.74e-07         0 -4.55e-07  1.97e-07 -2.74e-07  1.88e-07  3.82e-08  2.39e-08  2.16e-07         0  5.84e-06  2.39e-08 -2.16e-07 -1.88e-07  3.82e-08
 -6.77e-07  7.48e-08         0         0  4.75e-07 -3.41e-07 -3.94e-07         0         0         0  4.68e-08  -2.3e-07 -2.16e-07  2.39e-08  5.85e-06         0  -5.3e-07 -5.85e-08
 -7.48e-08 -6.77e-07         0         0  3.41e-07  4.75e-07         0 -3.94e-07         0         0   2.3e-07  4.68e-08 -2.39e-08 -2.16e-07         0  5.85e-06  5.85e-08  -5.3e-07
 -5.98e-08  2.94e-07         0         0         0         0  6.72e-07 -4.82e-07         0         0         0         0  3.82e-08 -1.88e-07  -5.3e-07  5.85e-08   5.9e-06         0
 -2.94e-07 -5.98e-08         0         0         0         0  4.82e-07  6.72e-07         0         0         0         0  1.88e-07  3.82e-08 -5.85e-08  -5.3e-07         0   5.9e-06
Mtilde matrix packed 
  5.87e-06 -6.13e-07   4.4e-07 -5.08e-07  6.13e-07   4.4e-07 -5.98e-08  2.94e-07  6.77e-07 -7.48e-08 -4.53e-08 -6.77e-07 -7.48e-08 -5.98e-08 -2.94e-07
 -6.13e-07  5.89e-06         0  5.25e-07  6.56e-08  3.22e-07 -6.72e-07  4.82e-07 -3.94e-07         0  2.74e-07         0         0         0         0
   4.4e-07         0  5.89e-06 -5.79e-08 -3.22e-07  6.56e-08 -4.82e-07 -6.72e-07         0 -3.94e-07 -1.97e-07         0         0         0         0
 -5.08e-07  5.25e-07 -5.79e-08  5.83e-06 -5.25e-07 -5.79e-08         0         0 -4.75e-07  3.41e-07 -4.55e-07  4.75e-07  3.41e-07         0         0
  6.13e-07  6.56e-08 -3.22e-07 -5.25e-07  5.89e-06         0         0         0         0         0 -2.74e-07 -3.94e-07         0  6.72e-07  4.82e-07
   4.4e-07  3.22e-07  6.56e-08 -5.79e-08         0  5.89e-06         0         0         0         0 -1.97e-07         0 -3.94e-07 -4.82e-07  6.72e-07
 -5.98e-08 -6.72e-07 -4.82e-07         0         0         0   5.9e-06         0   5.3e-07  5.85e-08  3.82e-08         0         0         0         0
  2.94e-07  4.82e-07 -6.72e-07         0         0         0         0   5.9e-06 -5.85e-08   5.3e-07 -1.88e-07         0         0         0         0
  6.77e-07 -3.94e-07         0 -4.75e-07         0         0   5.3e-07 -5.85e-08  5.85e-06         0  2.16e-07  4.68e-08   2.3e-07         0         0
 -7.48e-08         0 -3.94e-07  3.41e-07         0         0  5.85e-08   5.3e-07         0  5.85e-06 -2.39e-08  -2.3e-07  4.68e-08         0         0
 -4.53e-08  2.74e-07 -1.97e-07 -4.55e-07 -2.74e-07 -1.97e-07  3.82e-08 -1.88e-07  2.16e-07 -2.39e-08  5.84e-06 -2.16e-07 -2.39e-08  3.82e-08  1.88e-07
 -6.77e-07         0         0  4.75e-07 -3.94e-07         0         0         0  4.68e-08  -2.3e-07 -2.16e-07  5.85e-06         0  -5.3e-07 -5.85e-08
 -7.48e-08         0         0  3.41e-07         0 -3.94e-07         0         0   2.3e-07  4.68e-08 -2.39e-08         0  5.85e-06  5.85e-08  -5.3e-07
 -5.98e-08         0         0         0  6.72e-07 -4.82e-07         0         0         0         0  3.82e-08  -5.3e-07  5.85e-08   5.9e-06         0
 -2.94e-07         0         0         0  4.82e-07  6.72e-07         0         0         0         0  1.88e-07 -5.85e-08  -5.3e-07         0   5.9e-06
B vector 
  1.08e-05         0  9.19e-07  1.81e-06  5.92e-08         0 -9.19e-07  1.81e-06  1.38e-07 -7.85e-07 -1.25e-06  4.67e-07  1.99e-07         0  1.25e-06  4.67e-07  1.38e-07  7.85e-07
B vector packed 
  1.08e-05  9.19e-07  1.81e-06  5.92e-08 -9.19e-07  1.81e-06  1.38e-07 -7.85e-07 -1.25e-06  4.67e-07  1.99e-07  1.25e-06  4.67e-07  1.38e-07  7.85e-07
B vector packed solution
 -1.33e+04   8.3e+04  1.68e+05 -6.43e+06  -8.3e+04 -2.54e+05  1.19e+07  1.39e+06 -2.28e+05 -1.61e+05 -1.06e+06  2.28e+05 -1.78e+06  1.19e+07 -6.37e+12
Y vector packed solution
  1.87e+06     -10.5     -5.01     -37.3 -3.07e+06 -4.28e+06      69.6      8.24      7.26     -1.88  -1.2e+06  3.73e+05  3.38e+06      69.7 -3.76e+07
C vector packed solution
   -0.0098  -0.00341  -0.00706  -0.00131   0.00267   -0.0166  -0.00912    0.0331    0.0396  -0.00894 -8.15e-05  0.000576    0.0714    0.0224     0.127
C calculation for bin 1
Delta T matrix 
 -9.33e-16         0 -4.88e-17 -2.49e-17    -5e-17         0  4.88e-17 -2.49e-17  6.46e-17 -1.82e-17  1.73e-17  4.53e-17  2.38e-17         0 -1.73e-17  4.53e-17  6.46e-17  1.82e-17
         0         0         0         0         0         0         0         0         0         0         0         0         0         0         0         0         0         0
 -4.88e-17         0 -2.56e-18  -1.3e-18 -2.62e-18         0  2.56e-18  -1.3e-18  3.38e-18 -9.54e-19  9.04e-19  2.37e-18  1.25e-18         0 -9.04e-19  2.37e-18  3.38e-18  9.54e-19
 -2.49e-17         0  -1.3e-18 -6.66e-19 -1.34e-18         0   1.3e-18 -6.66e-19  1.73e-18 -4.87e-19  4.62e-19  1.21e-18  6.36e-19         0 -4.62e-19  1.21e-18  1.73e-18  4.87e-19
    -5e-17         0 -2.62e-18 -1.34e-18 -2.68e-18         0  2.62e-18 -1.34e-18  3.46e-18 -9.76e-19  9.26e-19  2.42e-18  1.28e-18         0 -9.26e-19  2.42e-18  3.46e-18  9.76e-19
         0         0         0         0         0         0         0         0         0         0         0         0         0         0         0         0         0         0
  4.88e-17         0  2.56e-18   1.3e-18  2.62e-18         0 -2.56e-18   1.3e-18 -3.38e-18  9.54e-19 -9.04e-19 -2.37e-18 -1.25e-18         0  9.04e-19 -2.37e-18 -3.38e-18 -9.54e-19
 -2.49e-17         0  -1.3e-18 -6.66e-19 -1.34e-18         0   1.3e-18 -6.66e-19  1.73e-18 -4.87e-19  4.62e-19  1.21e-18  6.36e-19         0 -4.62e-19  1.21e-18  1.73e-18  4.87e-19
  6.46e-17         0  3.38e-18  1.73e-18  3.46e-18         0 -3.38e-18  1.73e-18 -4.48e-18  1.26e-18  -1.2e-18 -3.14e-18 -1.65e-18         0   1.2e-18 -3.14e-18 -4.48e-18 -1.26e-18
 -1.82e-17         0 -9.54e-19 -4.87e-19 -9.76e-19         0  9.54e-19 -4.87e-19  1.26e-18 -3.56e-19  3.37e-19  8.84e-19  4.65e-19         0 -3.37e-19  8.84e-19  1.26e-18  3.56e-19
  1.73e-17         0  9.04e-19  4.62e-19  9.26e-19         0 -9.04e-19  4.62e-19  -1.2e-18  3.37e-19  -3.2e-19 -8.38e-19 -4.41e-19         0   3.2e-19 -8.38e-19  -1.2e-18 -3.37e-19
  4.53e-17         0  2.37e-18  1.21e-18  2.42e-18         0 -2.37e-18  1.21e-18 -3.14e-18  8.84e-19 -8.38e-19  -2.2e-18 -1.16e-18         0  8.38e-19  -2.2e-18 -3.14e-18 -8.84e-19
  2.38e-17         0  1.25e-18  6.36e-19  1.28e-18         0 -1.25e-18  6.36e-19 -1.65e-18  4.65e-19 -4.41e-19 -1.16e-18 -6.08e-19         0  4.41e-19 -1.16e-18 -1.65e-18 -4.65e-19
         0         0         0         0         0         0         0         0         0         0         0         0         0         0         0         0         0         0
 -1.73e-17         0 -9.04e-19 -4.62e-19 -9.26e-19         0  9.04e-19 -4.62e-19   1.2e-18 -3.37e-19   3.2e-19  8.38e-19  4.41e-19         0  -3.2e-19  8.38e-19   1.2e-18  3.37e-19
  4.53e-17         0  2.37e-18  1.21e-18  2.42e-18         0 -2.37e-18  1.21e-18 -3.14e-18  8.84e-19 -8.38e-19  -2.2e-18 -1.16e-18         0  8.38e-19  -2.2e-18 -3.14e-18 -8.84e-19
  6.46e-17         0  3.38e-18  1.73e-18  3.46e-18         0 -3.38e-18  1.73e-18 -4.48e-18  1.26e-18  -1.2e-18 -3.14e-18 -1.65e-18         0   1.2e-18 -3.14e-18 -4.48e-18 -1.26e-18
  1.82e-17         0  9.54e-19  4.87e-19  9.76e-19         0 -9.54e-19  4.87e-19 -1.26e-18  3.56e-19 -3.37e-19 -8.84e-19 -4.65e-19         0  3.37e-19 -8.84e-19 -1.26e-18 -3.56e-19
Delta T matrix packed 
Packed size is 15
 -9.33e-16 -4.88e-17 -2.49e-17    -5e-17  4.88e-17 -2.49e-17  6.46e-17 -1.82e-17  1.73e-17  4.53e-17  2.38e-17 -1.73e-17  4.53e-17  6.46e-17  1.82e-17
 -4.88e-17 -2.56e-18  -1.3e-18 -2.62e-18  2.56e-18  -1.3e-18  3.38e-18 -9.54e-19  9.04e-19  2.37e-18  1.25e-18 -9.04e-19  2.37e-18  3.38e-18  9.54e-19
 -2.49e-17  -1.3e-18 -6.66e-19 -1.34e-18   1.3e-18 -6.66e-19  1.73e-18 -4.87e-19  4.62e-19  1.21e-18  6.36e-19 -4.62e-19  1.21e-18  1.73e-18  4.87e-19
    -5e-17 -2.62e-18 -1.34e-18 -2.68e-18  2.62e-18 -1.34e-18  3.46e-18 -9.76e-19  9.26e-19  2.42e-18  1.28e-18 -9.26e-19  2.42e-18  3.46e-18  9.76e-19
  4.88e-17  2.56e-18   1.3e-18  2.62e-18 -2.56e-18   1.3e-18 -3.38e-18  9.54e-19 -9.04e-19 -2.37e-18 -1.25e-18  9.04e-19 -2.37e-18 -3.38e-18 -9.54e-19
 -2.49e-17  -1.3e-18 -6.66e-19 -1.34e-18   1.3e-18 -6.66e-19  1.73e-18 -4.87e-19  4.62e-19  1.21e-18  6.36e-19 -4.62e-19  1.21e-18  1.73e-18  4.87e-19
  6.46e-17  3.38e-18  1.73e-18  3.46e-18 -3.38e-18  1.73e-18 -4.48e-18  1.26e-18  -1.2e-18 -3.14e-18 -1.65e-18   1.2e-18 -3.14e-18 -4.48e-18 -1.26e-18
 -1.82e-17 -9.54e-19 -4.87e-19 -9.76e-19  9.54e-19 -4.87e-19  1.26e-18 -3.56e-19  3.37e-19  8.84e-19  4.65e-19 -3.37e-19  8.84e-19  1.26e-18  3.56e-19
  1.73e-17  9.04e-19  4.62e-19  9.26e-19 -9.04e-19  4.62e-19  -1.2e-18  3.37e-19  -3.2e-19 -8.38e-19 -4.41e-19   3.2e-19 -8.38e-19  -1.2e-18 -3.37e-19
  4.53e-17  2.37e-18  1.21e-18  2.42e-18 -2.37e-18  1.21e-18 -3.14e-18  8.84e-19 -8.38e-19  -2.2e-18 -1.16e-18  8.38e-19  -2.2e-18 -3.14e-18 -8.84e-19
  2.38e-17  1.25e-18  6.36e-19  1.28e-18 -1.25e-18  6.36e-19 -1.65e-18  4.65e-19 -4.41e-19 -1.16e-18 -6.08e-19  4.41e-19 -1.16e-18 -1.65e-18 -4.65e-19
 -1.73e-17 -9.04e-19 -4.62e-19 -9.26e-19  9.04e-19 -4.62e-19   1.2e-18 -3.37e-19   3.2e-19  8.38e-19  4.41e-19  -3.2e-19  8.38e-19   1.2e-18  3.37e-19
  4.53e-17  2.37e-18  1.21e-18  2.42e-18 -2.37e-18  1.21e-18 -3.14e-18  8.84e-19 -8.38e-19  -2.2e-18 -1.16e-18  8.38e-19  -2.2e-18 -3.14e-18 -8.84e-19
  6.46e-17  3.38e-18  1.73e-18  3.46e-18 -3.38e-18  1.73e-18 -4.48e-18  1.26e-18  -1.2e-18 -3.14e-18 -1.65e-18   1.2e-18 -3.14e-18 -4.48e-18 -1.26e-18
  1.82e-17  9.54e-19  4.87e-19  9.76e-19 -9.54e-19  4.87e-19 -1.26e-18  3.56e-19 -3.37e-19 -8.84e-19 -4.65e-19  3.37e-19 -8.84e-19 -1.26e-18 -3.56e-19
Mtilde matrix 
  3.37e-05         0  2.02e-06 -9.34e-07   1.3e-06         0 -2.02e-06 -9.34e-07  3.97e-07  1.79e-06  3.56e-07  -1.1e-06 -2.23e-06         0 -3.56e-07  -1.1e-06  3.97e-07 -1.79e-06
         0  3.37e-05  9.34e-07  2.02e-06         0   1.3e-06  9.34e-07 -2.02e-06 -1.79e-06  3.97e-07   1.1e-06  3.56e-07         0 -2.23e-06   1.1e-06 -3.56e-07  1.79e-06  3.97e-07
  2.02e-06  9.34e-07  3.47e-05         0  2.76e-07  8.49e-07 -4.35e-07  1.96e-06  2.21e-06 -1.02e-06  1.01e-06         0 -9.02e-07 -4.18e-07         0         0         0         0
 -9.34e-07  2.02e-06         0  3.47e-05 -8.49e-07  2.76e-07 -1.96e-06 -4.35e-07  1.02e-06  2.21e-06         0  1.01e-06  4.18e-07 -9.02e-07         0         0         0         0
   1.3e-06         0  2.76e-07 -8.49e-07  3.17e-05         0 -2.76e-07 -8.49e-07         0         0  1.56e-06 -7.23e-07  1.16e-06         0 -1.56e-06 -7.23e-07         0         0
         0   1.3e-06  8.49e-07  2.76e-07         0  3.17e-05  8.49e-07 -2.76e-07         0         0  7.23e-07  1.56e-06         0  1.16e-06  7.23e-07 -1.56e-06         0         0
 -2.02e-06  9.34e-07 -4.35e-07 -1.96e-06 -2.76e-07  8.49e-07  3.47e-05         0         0         0         0         0  9.02e-07 -4.18e-07  1.01e-06         0 -2.21e-06 -1.02e-06
 -9.34e-07 -2.02e-06  1.96e-06 -4.35e-07 -8.49e-07 -2.76e-07         0  3.47e-05         0         0         0         0  4.18e-07  9.02e-07         0  1.01e-06  1.02e-06 -2.21e-06
  3.97e-07 -1.79e-06  2.21e-06  1.02e-06         0         0         0         0  3.51e-05         0  2.79e-07  8.57e-07 -2.54e-07  1.14e-06         0         0         0         0
  1.79e-06  3.97e-07 -1.02e-06  2.21e-06         0         0         0         0         0  3.51e-05 -8.57e-07  2.79e-07 -1.14e-06 -2.54e-07         0         0         0         0
  3.56e-07   1.1e-06  1.01e-06         0  1.56e-06  7.23e-07         0         0  2.79e-07 -8.57e-07   3.3e-05         0  1.14e-07   3.5e-07 -3.11e-07   1.4e-06         0         0
  -1.1e-06  3.56e-07         0  1.01e-06 -7.23e-07  1.56e-06         0         0  8.57e-07  2.79e-07         0   3.3e-05  -3.5e-07  1.14e-07  -1.4e-06 -3.11e-07         0         0
 -2.23e-06         0 -9.02e-07  4.18e-07  1.16e-06         0  9.02e-07  4.18e-07 -2.54e-07 -1.14e-06  1.14e-07  -3.5e-07  3.23e-05         0 -1.14e-07  -3.5e-07 -2.54e-07  1.14e-06
         0 -2.23e-06 -4.18e-07 -9.02e-07         0  1.16e-06 -4.18e-07  9.02e-07  1.14e-06 -2.54e-07   3.5e-07  1.14e-07         0  3.23e-05   3.5e-07 -1.14e-07 -1.14e-06 -2.54e-07
 -3.56e-07   1.1e-06         0         0 -1.56e-06  7.23e-07  1.01e-06         0         0         0 -3.11e-07  -1.4e-06 -1.14e-07   3.5e-07   3.3e-05         0 -2.79e-07 -8.57e-07
  -1.1e-06 -3.56e-07         0         0 -7.23e-07 -1.56e-06         0  1.01e-06         0         0   1.4e-06 -3.11e-07  -3.5e-07 -1.14e-07         0   3.3e-05  8.57e-07 -2.79e-07
  3.97e-07  1.79e-06         0         0         0         0 -2.21e-06  1.02e-06         0         0         0         0 -2.54e-07 -1.14e-06 -2.79e-07  8.57e-07  3.51e-05         0
 -1.79e-06  3.97e-07         0         0         0         0 -1.02e-06 -2.21e-06         0         0         0         0  1.14e-06 -2.54e-07 -8.57e-07 -2.79e-07         0  3.51e-05
Mtilde matrix packed 
  3.37e-05  2.02e-06 -9.34e-07   1.3e-06 -2.02e-06 -9.34e-07  3.97e-07  1.79e-06  3.56e-07  -1.1e-06 -2.23e-06 -3.56e-07  -1.1e-06  3.97e-07 -1.79e-06
  2.02e-06  3.47e-05         0  2.76e-07 -4.35e-07  1.96e-06  2.21e-06 -1.02e-06  1.01e-06         0 -9.02e-07         0         0         0         0
 -9.34e-07         0  3.47e-05 -8.49e-07 -1.96e-06 -4.35e-07  1.02e-06  2.21e-06         0  1.01e-06  4.18e-07         0         0         0         0
   1.3e-06  2.76e-07 -8.49e-07  3.17e-05 -2.76e-07 -8.49e-07         0         0  1.56e-06 -7.23e-07  1.16e-06 -1.56e-06 -7.23e-07         0         0
 -2.02e-06 -4.35e-07 -1.96e-06 -2.76e-07  3.47e-05         0         0         0         0         0  9.02e-07  1.01e-06         0 -2.21e-06 -1.02e-06
 -9.34e-07  1.96e-06 -4.35e-07 -8.49e-07         0  3.47e-05         0         0         0         0  4.18e-07         0  1.01e-06  1.02e-06 -2.21e-06
  3.97e-07  2.21e-06  1.02e-06         0         0         0  3.51e-05         0  2.79e-07  8.57e-07 -2.54e-07         0         0         0         0
  1.79e-06 -1.02e-06  2.21e-06         0         0         0         0  3.51e-05 -8.57e-07  2.79e-07 -1.14e-06         0         0         0         0
  3.56e-07  1.01e-06         0  1.56e-06         0         0  2.79e-07 -8.57e-07   3.3e-05         0  1.14e-07 -3.11e-07   1.4e-06         0         0
  -1.1e-06         0  1.01e-06 -7.23e-07         0         0  8.57e-07  2.79e-07         0   3.3e-05  -3.5e-07  -1.4e-06 -3.11e-07         0         0
 -2.23e-06 -9.02e-07  4.18e-07  1.16e-06  9.02e-07  4.18e-07 -2.54e-07 -1.14e-06  1.14e-07  -3.5e-07  3.23e-05 -1.14e-07  -3.5e-07 -2.54e-07  1.14e-06
 -3.56e-07         0         0 -1.56e-06  1.01e-06         0         0         0 -3.11e-07  -1.4e-06 -1.14e-07   3.3e-05         0 -2.79e-07 -8.57e-07
  -1.1e-06         0         0 -7.23e-07         0  1.01e-06         0         0   1.4e-06 -3.11e-07  -3.5e-07         0   3.3e-05  8.57e-07 -2.79e-07
  3.97e-07         0         0         0 -2.21e-06  1.02e-06         0         0         0         0 -2.54e-07 -2.79e-07  8.57e-07  3.51e-05         0
 -1.79e-06         0         0         0 -1.02e-06 -2.21e-06         0         0         0         0  1.14e-06 -8.57e-07 -2.79e-07         0  3.51e-05
B vector 
  6.83e-05         0  3.57e-06  1.82e-06  3.66e-06         0 -3.57e-06  1.82e-06 -4.73e-06  1.33e-06 -1.26e-06 -3.31e-06 -1.74e-06         0  1.26e-06 -3.31e-06 -4.73e-06 -1.33e-06
B vector packed 
  6.83e-05  3.57e-06  1.82e-06  3.66e-06 -3.57e-06  1.82e-06 -4.73e-06  1.33e-06 -1.26e-06 -3.31e-06 -1.74e-06  1.26e-06 -3.31e-06 -4.73e-06 -1.33e-06
B vector packed solution
       623  1.98e+04  -5.4e+04  7.57e+03 -1.98e+04 -6.27e+04 -4.53e+05 -1.49e+06  8.47e+04  1.48e+04 -8.95e+04 -8.47e+04  1.42e+04 -4.53e+05  3.75e+12
Y vector packed solution
  -6.7e+06      1.27      -5.6      0.49 -3.83e+06 -8.28e+06     -15.9     -52.5      4.01    -0.232  4.28e+06 -3.21e+06 -1.05e+06     -15.9  1.32e+08
C vector packed solution
  -0.00847    0.0949    0.0494     0.109    -0.113    0.0577    -0.135    0.0371   -0.0336   -0.0978   -0.0557    0.0369   -0.0989    -0.138   -0.0379
C calculation for bin 2
Delta T matrix 
 -6.02e-15         0   1.5e-16  9.62e-17 -4.98e-17         0  -1.5e-16  9.62e-17  1.55e-16  7.19e-17  4.58e-17 -3.69e-17  2.09e-16         0 -4.58e-17 -3.69e-17  1.55e-16 -7.19e-17
         0         0         0         0         0         0         0         0         0         0         0         0         0         0         0         0         0         0
   1.5e-16         0 -3.76e-18 -2.41e-18  1.25e-18         0  3.76e-18 -2.41e-18 -3.87e-18  -1.8e-18 -1.15e-18  9.23e-19 -5.22e-18         0  1.15e-18  9.23e-19 -3.87e-18   1.8e-18
  9.62e-17         0 -2.41e-18 -1.54e-18  7.97e-19         0  2.41e-18 -1.54e-18 -2.47e-18 -1.15e-18 -7.32e-19   5.9e-19 -3.34e-18         0  7.32e-19   5.9e-19 -2.47e-18  1.15e-18
 -4.98e-17         0  1.25e-18  7.97e-19 -4.13e-19         0 -1.25e-18  7.97e-19  1.28e-18  5.96e-19  3.79e-19 -3.06e-19  1.73e-18         0 -3.79e-19 -3.06e-19  1.28e-18 -5.96e-19
         0         0         0         0         0         0         0         0         0         0         0         0         0         0         0         0         0         0
  -1.5e-16         0  3.76e-18  2.41e-18 -1.25e-18         0 -3.76e-18  2.41e-18  3.87e-18   1.8e-18  1.15e-18 -9.23e-19  5.22e-18         0 -1.15e-18 -9.23e-19  3.87e-18  -1.8e-18
  9.62e-17         0 -2.41e-18 -1.54e-18  7.97e-19         0  2.41e-18 -1.54e-18 -2.47e-18 -1.15e-18 -7.32e-19   5.9e-19 -3.34e-18         0  7.32e-19   5.9e-19 -2.47e-18  1.15e-18
  1.55e-16         0 -3.87e-18 -2.47e-18  1.28e-18         0  3.87e-18 -2.47e-18 -3.98e-18 -1.85e-18 -1.18e-18  9.49e-19 -5.37e-18         0  1.18e-18  9.49e-19 -3.98e-18  1.85e-18
  7.19e-17         0  -1.8e-18 -1.15e-18  5.96e-19         0   1.8e-18 -1.15e-18 -1.85e-18  -8.6e-19 -5.47e-19  4.41e-19 -2.49e-18         0  5.47e-19  4.41e-19 -1.85e-18   8.6e-19
  4.58e-17         0 -1.15e-18 -7.32e-19  3.79e-19         0  1.15e-18 -7.32e-19 -1.18e-18 -5.47e-19 -3.48e-19  2.81e-19 -1.59e-18         0  3.48e-19  2.81e-19 -1.18e-18  5.47e-19
 -3.69e-17         0  9.23e-19   5.9e-19 -3.06e-19         0 -9.23e-19   5.9e-19  9.49e-19  4.41e-19  2.81e-19 -2.26e-19  1.28e-18         0 -2.81e-19 -2.26e-19  9.49e-19 -4.41e-19
  2.09e-16         0 -5.22e-18 -3.34e-18  1.73e-18         0  5.22e-18 -3.34e-18 -5.37e-18 -2.49e-18 -1.59e-18  1.28e-18 -7.24e-18         0  1.59e-18  1.28e-18 -5.37e-18  2.49e-18
         0         0         0         0         0         0         0         0         0         0         0         0         0         0         0         0         0         0
 -4.58e-17         0  1.15e-18  7.32e-19 -3.79e-19         0 -1.15e-18  7.32e-19  1.18e-18  5.47e-19  3.48e-19 -2.81e-19  1.59e-18         0 -3.48e-19 -2.81e-19  1.18e-18 -5.47e-19
 -3.69e-17         0  9.23e-19   5.9e-19 -3.06e-19         0 -9.23e-19   5.9e-19  9.49e-19  4.41e-19  2.81e-19 -2.26e-19  1.28e-18         0 -2.81e-19 -2.26e-19  9.49e-19 -4.41e-19
  1.55e-16         0 -3.87e-18 -2.47e-18  1.28e-18         0  3.87e-18 -2.47e-18 -3.98e-18 -1.85e-18 -1.18e-18  9.49e-19 -5.37e-18         0  1.18e-18  9.49e-19 -3.98e-18  1.85e-18
 -7.19e-17         0   1.8e-18  1.15e-18 -5.96e-19         0  -1.8e-18  1.15e-18  1.85e-18   8.6e-19  5.47e-19 -4.41e-19  2.49e-18         0 -5.47e-19 -4.41e-19  1.85e-18  -8.6e-19
Delta T matrix packed 
Packed size is 15
 -6.02e-15   1.5e-16  9.62e-17 -4.98e-17  -1.5e-16  9.62e-17  1.55e-16  7.19e-17  4.58e-17 -3.69e-17  2.09e-16 -4.58e-17 -3.69e-17  1.55e-16 -7.19e-17
   1.5e-16 -3.76e-18 -2.41e-18  1.25e-18  3.76e-18 -2.41e-18 -3.87e-18  -1.8e-18 -1.15e-18  9.23e-19 -5.22e-18  1.15e-18  9.23e-19 -3.87e-18   1.8e-18
  9.62e-17 -2.41e-18 -1.54e-18  7.97e-19  2.41e-18 -1.54e-18 -2.47e-18 -1.15e-18 -7.32e-19   5.9e-19 -3.34e-18  7.32e-19   5.9e-19 -2.47e-18  1.15e-18
 -4.98e-17  1.25e-18  7.97e-19 -4.13e-19 -1.25e-18  7.97e-19  1.28e-18  5.96e-19  3.79e-19 -3.06e-19  1.73e-18 -3.79e-19 -3.06e-19  1.28e-18 -5.96e-19
  -1.5e-16  3.76e-18  2.41e-18 -1.25e-18 -3.76e-18  2.41e-18  3.87e-18   1.8e-18  1.15e-18 -9.23e-19  5.22e-18 -1.15e-18 -9.23e-19  3.87e-18  -1.8e-18
  9.62e-17 -2.41e-18 -1.54e-18  7.97e-19  2.41e-18 -1.54e-18 -2.47e-18 -1.15e-18 -7.32e-19   5.9e-19 -3.34e-18  7.32e-19   5.9e-19 -2.47e-18  1.15e-18
  1.55e-16 -3.87e-18 -2.47e-18  1.28e-18  3.87e-18 -2.47e-18 -3.98e-18 -1.85e-18 -1.18e-18  9.49e-19 -5.37e-18  1.18e-18  9.49e-19 -3.98e-18  1.85e-18
  7.19e-17  -1.8e-18 -1.15e-18  5.96e-19   1.8e-18 -1.15e-18 -1.85e-18  -8.6e-19 -5.47e-19  4.41e-19 -2.49e-18  5.47e-19  4.41e-19 -1.85e-18   8.6e-19
  4.58e-17 -1.15e-18 -7.32e-19  3.79e-19  1.15e-18 -7.32e-19 -1.18e-18 -5.47e-19 -3.48e-19  2.81e-19 -1.59e-18  3.48e-19  2.81e-19 -1.18e-18  5.47e-19
 -3.69e-17  9.23e-19   5.9e-19 -3.06e-19 -9.23e-19   5.9e-19  9.49e-19  4.41e-19  2.81e-19 -2.26e-19  1.28e-18 -2.81e-19 -2.26e-19  9.49e-19 -4.41e-19
  2.09e-16 -5.22e-18 -3.34e-18  1.73e-18  5.22e-18 -3.34e-18 -5.37e-18 -2.49e-18 -1.59e-18  1.28e-18 -7.24e-18  1.59e-18  1.28e-18 -5.37e-18  2.49e-18
 -4.58e-17  1.15e-18  7.32e-19 -3.79e-19 -1.15e-18  7.32e-19  1.18e-18  5.47e-19  3.48e-19 -2.81e-19  1.59e-18 -3.48e-19 -2.81e-19  1.18e-18 -5.47e-19
 -3.69e-17  9.23e-19   5.9e-19 -3.06e-19 -9.23e-19   5.9e-19  9.49e-19  4.41e-19  2.81e-19 -2.26e-19  1.28e-18 -2.81e-19 -2.26e-19  9.49e-19 -4.41e-19
  1.55e-16 -3.87e-18 -2.47e-18  1.28e-18  3.87e-18 -2.47e-18 -3.98e-18 -1.85e-18 -1.18e-18  9.49e-19 -5.37e-18  1.18e-18  9.49e-19 -3.98e-18  1.85e-18
 -7.19e-17   1.8e-18  1.15e-18 -5.96e-19  -1.8e-18  1.15e-18  1.85e-18   8.6e-19  5.47e-19 -4.41e-19  2.49e-18 -5.47e-19 -4.41e-19  1.85e-18  -8.6e-19
Mtilde matrix 
   9.7e-05         0 -2.32e-06 -1.15e-06 -7.26e-07         0  2.32e-06 -1.15e-06 -1.56e-06 -5.13e-07  1.17e-06  -2.1e-06  5.12e-06         0 -1.17e-06  -2.1e-06 -1.56e-06  5.13e-07
         0   9.7e-05  1.15e-06 -2.32e-06         0 -7.26e-07  1.15e-06  2.32e-06  5.13e-07 -1.56e-06   2.1e-06  1.17e-06         0  5.12e-06   2.1e-06 -1.17e-06 -5.13e-07 -1.56e-06
 -2.32e-06  1.15e-06  9.47e-05         0  9.09e-07  1.63e-06   1.7e-06 -5.61e-07 -2.54e-06 -1.26e-06 -5.62e-07         0  1.04e-06 -5.14e-07         0         0         0         0
 -1.15e-06 -2.32e-06         0  9.47e-05 -1.63e-06  9.09e-07  5.61e-07   1.7e-06  1.26e-06 -2.54e-06         0 -5.62e-07  5.14e-07  1.04e-06         0         0         0         0
 -7.26e-07         0  9.09e-07 -1.63e-06  0.000102         0 -9.09e-07 -1.63e-06         0         0  -1.8e-06  -8.9e-07 -6.49e-07         0   1.8e-06  -8.9e-07         0         0
         0 -7.26e-07  1.63e-06  9.09e-07         0  0.000102  1.63e-06 -9.09e-07         0         0   8.9e-07  -1.8e-06         0 -6.49e-07   8.9e-07   1.8e-06         0         0
  2.32e-06  1.15e-06   1.7e-06  5.61e-07 -9.09e-07  1.63e-06  9.47e-05         0         0         0         0         0 -1.04e-06 -5.14e-07 -5.62e-07         0  2.54e-06 -1.26e-06
 -1.15e-06  2.32e-06 -5.61e-07   1.7e-06 -1.63e-06 -9.09e-07         0  9.47e-05         0         0         0         0  5.14e-07 -1.04e-06         0 -5.62e-07  1.26e-06  2.54e-06
 -1.56e-06  5.13e-07 -2.54e-06  1.26e-06         0         0         0         0  9.38e-05         0  9.19e-07  1.64e-06  9.94e-07 -3.27e-07         0         0         0         0
 -5.13e-07 -1.56e-06 -1.26e-06 -2.54e-06         0         0         0         0         0  9.38e-05 -1.64e-06  9.19e-07  3.27e-07  9.94e-07         0         0         0         0
  1.17e-06   2.1e-06 -5.62e-07         0  -1.8e-06   8.9e-07         0         0  9.19e-07 -1.64e-06  9.87e-05         0  3.75e-07  6.71e-07  1.22e-06 -4.01e-07         0         0
  -2.1e-06  1.17e-06         0 -5.62e-07  -8.9e-07  -1.8e-06         0         0  1.64e-06  9.19e-07         0  9.87e-05 -6.71e-07  3.75e-07  4.01e-07  1.22e-06         0         0
  5.12e-06         0  1.04e-06  5.14e-07 -6.49e-07         0 -1.04e-06  5.14e-07  9.94e-07  3.27e-07  3.75e-07 -6.71e-07    0.0001         0 -3.75e-07 -6.71e-07  9.94e-07 -3.27e-07
         0  5.12e-06 -5.14e-07  1.04e-06         0 -6.49e-07 -5.14e-07 -1.04e-06 -3.27e-07  9.94e-07  6.71e-07  3.75e-07         0    0.0001  6.71e-07 -3.75e-07  3.27e-07  9.94e-07
