Pair 1
Pair 100001
Pair 200001
Pair 300001
Pair 400001
Pair 500001
Pair 600001
Pair 700001
Pair 800001
Pair 900001
Pair 1000001
Pair 1100001
Pair 1200001
Pair 1300001
Pair 1400001
Pair 1500001
Pair 1600001
Pair 1700001
Pair 1800001
Pair 1900001
Pair 2000001
Pair 2100001
Pair 2200001
Pair 2300001
Pair 2400001
Pair 2500001
Pair 2600001
Pair 2700001
Pair 2800001
Pair 2900001
Pair 3000001
Pair 3100001
Pair 3200001
Pair 3300001
Pair 3400001
Pair 3500001
Pair 3600001
Pair 3700001
Pair 3800001
Pair 3900001
Pair 4000001
Pair 4100001
Pair 4200001
Pair 4300001
Pair 4400001
Pair 4500001
Pair 4600001
Pair 4700001
Pair 4800001
Pair 4900001
Pair 5000001
Pair 5100001
Pair 5200001
Pair 5300001
Pair 5400001
Pair 5500001
Pair 5600001
Pair 5700001
Pair 5800001
Pair 5900001
Pair 6000001
Pair 6100001
Pair 6200001
Pair 6300001
Pair 6400001
Pair 6500001
Pair 6600001
Pair 6700001
Pair 6800001
Pair 6900001
Pair 7000001
Pair 7100001
Pair 7200001
Pair 7300001
Pair 7400001
Pair 7500001
Pair 7600001
Pair 7700001
Pair 7800001
Pair 7900001
Pair 8000001
Pair 8100001
Pair 8200001
Pair 8300001
Pair 8400001
Pair 8500001
Pair 8600001
Pair 8700001
Pair 8800001
Pair 8900001
Pair 9000001
Pair 9100001
Pair 9200001
Pair 9300001
Pair 9400001
Pair 9500001
Pair 9600001
Pair 9700001
Pair 9800001
Pair 9900001
Pair 10000001
Pair 10100001
Pair 10200001
Pair 10300001
Pair 10400001
Pair 10500001
Pair 10600001
Pair 10700001
Pair 10800001
Pair 10900001
Pair 11000001
Pair 11100001
Pair 11200001
Pair 11300001
Pair 11400001
Pair 11500001
Pair 11600001
Pair 11700001
Pair 11800001
Pair 11900001
Pair 12000001
Pair 12100001
Pair 12200001
Pair 12300001
Pair 12400001
Pair 12500001
Pair 12600001
Pair 12700001
Pair 12800001
Pair 12900001
Pair 13000001
Pair 13100001
Pair 13200001
Pair 13300001
Pair 13400001
Pair 13500001
Pair 13600001
Pair 13700001
Pair 13800001
Pair 13900001
Pair 14000001
Pair 14100001
Pair 14200001
Pair 14300001
Pair 14400001
Pair 14500001
Pair 14600001
Pair 14700001
Pair 14800001
Pair 14900001
Pair 15000001
Pair 15100001
Pair 15200001
Pair 15300001
Pair 15400001
Pair 15500001
Pair 15600001
Pair 15700001
Pair 15800001
Pair 15900001
Pair 16000001
Pair 16100001
Pair 16200001
Pair 16300001
Pair 16400001
Pair 16500001
Pair 16600001
Pair 16700001
Pair 16800001
Pair 16900001
Pair 17000001
Pair 17100001
Pair 17200001
Pair 17300001
Pair 17400001
Pair 17500001
Pair 17600001
Pair 17700001
Pair 17800001
Pair 17900001
Pair 18000001
Pair 18100001
Pair 18200001
Pair 18300001
Pair 18400001
Pair 18500001
Pair 18600001
Pair 18700001
Pair 18800001
Pair 18900001
Pair 19000001
Pair 19100001
Pair 19200001
Pair 19300001
Pair 19400001
Pair 19500001
Pair 19600001
Pair 19700001
Pair 19800001
Pair 19900001
Errors from T 
7.69636e-07 0 5.46389e-07 5.49905e-07 7.58384e-07 5.49905e-07 5.46389e-07 0 5.47885e-07 5.44865e-07 5.42856e-07 5.67245e-07 7.31209e-07 0 5.42856e-07 5.67245e-07 5.47885e-07 5.44865e-07

T error matrix
7.69622e-07         01.29683e-076.19134e-082.57928e-07         01.29683e-076.19134e-085.93194e-081.04072e-071.4069e-072.1802e-071.38643e-07         01.4069e-072.1802e-075.93194e-081.04072e-07
         0         0         0         0         0         0         0         0         0         0         0         0         0         0         0         0         0         0
1.29683e-07         05.46389e-077.70231e-081.23825e-07         05.46389e-077.70231e-088.92903e-091.85988e-071.23625e-077.81789e-085.33102e-08         01.23625e-077.81789e-088.92903e-091.85988e-07
6.19134e-08         07.70231e-085.49905e-071.91886e-07         07.70231e-085.49905e-071.70032e-071.28193e-077.81785e-082.51577e-077.30915e-08         07.81785e-082.51577e-071.70032e-071.28193e-07
2.57928e-07         01.23825e-071.91886e-077.58384e-07         01.23825e-071.91886e-071.84246e-079.29702e-081.35759e-073.49245e-081.12563e-07         01.35759e-073.49245e-081.84246e-079.29702e-08
         0         0         0         0         0         0         0         0         0         0         0         0         0         0         0         0         0         0
1.29683e-07         05.46389e-077.70231e-081.23825e-07         05.46389e-077.70231e-088.92903e-091.85988e-071.23625e-077.81789e-085.33102e-08         01.23625e-077.81789e-088.92903e-091.85988e-07
6.19134e-08         07.70231e-085.49905e-071.91886e-07         07.70231e-085.49905e-071.70032e-071.28193e-077.81785e-082.51577e-077.30915e-08         07.81785e-082.51577e-071.70032e-071.28193e-07
5.93194e-08         08.92903e-091.70032e-071.84246e-07         08.92903e-091.70032e-075.47885e-071.01442e-074.85799e-081.15182e-071.12452e-07         04.85799e-081.15182e-075.47885e-071.01442e-07
1.04072e-07         01.85988e-071.28193e-079.29702e-08         01.85988e-071.28193e-071.01442e-075.44865e-071.49966e-071.56222e-078.81172e-08         01.49966e-071.56222e-071.01442e-075.44865e-07
1.4069e-07         01.23625e-077.81785e-081.35759e-07         01.23625e-077.81785e-084.85799e-081.49966e-075.42856e-075.95638e-081.45942e-07         05.42856e-075.95638e-084.85799e-081.49966e-07
2.1802e-07         07.81789e-082.51577e-073.49245e-08         07.81789e-082.51577e-071.15182e-071.56222e-075.95638e-085.67245e-071.36766e-07         05.95638e-085.67245e-071.15182e-071.56222e-07
1.38643e-07         05.33102e-087.30915e-081.12563e-07         05.33102e-087.30915e-081.12452e-078.81172e-081.45942e-071.36766e-077.31209e-07         01.45942e-071.36766e-071.12452e-078.81172e-08
         0         0         0         0         0         0         0         0         0         0         0         0         0         0         0         0         0         0
1.4069e-07         01.23625e-077.81785e-081.35759e-07         01.23625e-077.81785e-084.85799e-081.49966e-075.42856e-075.95638e-081.45942e-07         05.42856e-075.95638e-084.85799e-081.49966e-07
2.1802e-07         07.81789e-082.51577e-073.49245e-08         07.81789e-082.51577e-071.15182e-071.56222e-075.95638e-085.67245e-071.36766e-07         05.95638e-085.67245e-071.15182e-071.56222e-07
5.93194e-08         08.92903e-091.70032e-071.84246e-07         08.92903e-091.70032e-075.47885e-071.01442e-074.85799e-081.15182e-071.12452e-07         04.85799e-081.15182e-075.47885e-071.01442e-07
1.04072e-07         01.85988e-071.28193e-079.29702e-08         01.85988e-071.28193e-071.01442e-075.44865e-071.49966e-071.56222e-078.81172e-08         01.49966e-071.56222e-071.01442e-075.44865e-07

20 bin of M 
(5.30338e-06,0)   (2.69174e-07,-1.24295e-07)   (-2.42986e-07,0)   (-2.69174e-07,-1.24295e-07)   (9.11999e-08,2.60367e-07)   (-1.03671e-07,1.09274e-07)   (-6.62879e-08,0)   (1.03671e-07,1.09274e-07)   (9.11999e-08,-2.60367e-07)   (0,0)   

5.30338e-06 0 2.69174e-07 -1.24295e-07 -2.42986e-07 0 -2.69174e-07 -1.24295e-07 9.11999e-08 2.60367e-07 -1.03671e-07 1.09274e-07 -6.62879e-08 0 1.03671e-07 1.09274e-07 9.11999e-08 -2.60367e-07 0 0 

20 bin of T 
(1.05527e-05,0)   (-2.99622e-07,6.82935e-08)   (-1.18524e-06,0)   (2.99622e-07,6.82935e-08)   (-6.26907e-08,-1.92963e-07)   (3.52646e-07,8.46844e-07)   (-3.42459e-07,0)   (-3.52646e-07,8.46844e-07)   (-6.26907e-08,1.92963e-07)   (0,0)   

M matrix 
   5.3e-06         0  2.69e-07 -1.24e-07 -2.43e-07         0 -2.69e-07 -1.24e-07  9.12e-08   2.6e-07 -1.04e-07  1.09e-07 -6.63e-08         0  1.04e-07  1.09e-07  9.12e-08  -2.6e-07
         0   5.3e-06  1.24e-07  2.69e-07         0 -2.43e-07  1.24e-07 -2.69e-07  -2.6e-07  9.12e-08 -1.09e-07 -1.04e-07         0 -6.63e-08 -1.09e-07  1.04e-07   2.6e-07  9.12e-08
  2.69e-07  1.24e-07  5.33e-06         0 -8.03e-08 -8.46e-08 -9.99e-08  2.85e-07  2.95e-07 -1.36e-07 -1.88e-07         0  -1.2e-07 -5.56e-08         0         0         0         0
 -1.24e-07  2.69e-07         0  5.33e-06  8.46e-08 -8.03e-08 -2.85e-07 -9.99e-08  1.36e-07  2.95e-07         0 -1.88e-07  5.56e-08  -1.2e-07         0         0         0         0
 -2.43e-07         0 -8.03e-08  8.46e-08  5.24e-06         0  8.03e-08  8.46e-08         0         0  2.09e-07 -9.63e-08 -2.17e-07         0 -2.09e-07 -9.63e-08         0         0
         0 -2.43e-07 -8.46e-08 -8.03e-08         0  5.24e-06 -8.46e-08  8.03e-08         0         0  9.63e-08  2.09e-07         0 -2.17e-07  9.63e-08 -2.09e-07         0         0
 -2.69e-07  1.24e-07 -9.99e-08 -2.85e-07  8.03e-08 -8.46e-08  5.33e-06         0         0         0         0         0   1.2e-07 -5.56e-08 -1.88e-07         0 -2.95e-07 -1.36e-07
 -1.24e-07 -2.69e-07  2.85e-07 -9.99e-08  8.46e-08  8.03e-08         0  5.33e-06         0         0         0         0  5.56e-08   1.2e-07         0 -1.88e-07  1.36e-07 -2.95e-07
  9.12e-08  -2.6e-07  2.95e-07  1.36e-07         0         0         0         0  5.35e-06         0 -8.11e-08 -8.55e-08 -5.83e-08  1.66e-07         0         0         0         0
   2.6e-07  9.12e-08 -1.36e-07  2.95e-07         0         0         0         0         0  5.35e-06  8.55e-08 -8.11e-08 -1.66e-07 -5.83e-08         0         0         0         0
 -1.04e-07 -1.09e-07 -1.88e-07         0  2.09e-07  9.63e-08         0         0 -8.11e-08  8.55e-08  5.28e-06         0 -3.31e-08 -3.49e-08 -7.14e-08  2.04e-07         0         0
  1.09e-07 -1.04e-07         0 -1.88e-07 -9.63e-08  2.09e-07         0         0 -8.55e-08 -8.11e-08         0  5.28e-06  3.49e-08 -3.31e-08 -2.04e-07 -7.14e-08         0         0
 -6.63e-08         0  -1.2e-07  5.56e-08 -2.17e-07         0   1.2e-07  5.56e-08 -5.83e-08 -1.66e-07 -3.31e-08  3.49e-08  5.26e-06         0  3.31e-08  3.49e-08 -5.83e-08  1.66e-07
         0 -6.63e-08 -5.56e-08  -1.2e-07         0 -2.17e-07 -5.56e-08   1.2e-07  1.66e-07 -5.83e-08 -3.49e-08 -3.31e-08         0  5.26e-06 -3.49e-08  3.31e-08 -1.66e-07 -5.83e-08
  1.04e-07 -1.09e-07         0         0 -2.09e-07  9.63e-08 -1.88e-07         0         0         0 -7.14e-08 -2.04e-07  3.31e-08 -3.49e-08  5.28e-06         0  8.11e-08  8.55e-08
  1.09e-07  1.04e-07         0         0 -9.63e-08 -2.09e-07         0 -1.88e-07         0         0  2.04e-07 -7.14e-08  3.49e-08  3.31e-08         0  5.28e-06 -8.55e-08  8.11e-08
  9.12e-08   2.6e-07         0         0         0         0 -2.95e-07  1.36e-07         0         0         0         0 -5.83e-08 -1.66e-07  8.11e-08 -8.55e-08  5.35e-06         0
  -2.6e-07  9.12e-08         0         0         0         0 -1.36e-07 -2.95e-07         0         0         0         0  1.66e-07 -5.83e-08  8.55e-08  8.11e-08         0  5.35e-06

20 bin of C 
2.02   -2.78e-17   -0.161   0.0861   -0.147   -2.08e-17   0.161   0.0861   -0.0368   -0.145   0.102   0.114   -0.0652   -7.63e-17   -0.102   0.114   -0.0368   0.145   

20 bin of reconstructed M 
1.06e-05   1.32e-23   -3e-07   6.83e-08   -1.19e-06   -1.72e-22   3e-07   6.83e-08   -6.27e-08   -1.93e-07   3.53e-07   8.47e-07   -3.42e-07   -4.25e-22   -3.53e-07   8.47e-07   -6.27e-08   1.93e-07   

C error matrix
  5.23e-07         0  7.19e-08  2.75e-07  2.92e-07         0  7.19e-08  2.75e-07  3.94e-07  9.92e-08  6.82e-08  1.46e-07  2.52e-07         0  6.82e-08  1.46e-07  3.94e-07  9.92e-08
  5.45e-08         0  2.29e-07  8.73e-08  4.57e-08         0  2.29e-07  8.73e-08  7.44e-08  3.86e-07  1.66e-07  1.08e-07  6.93e-08         0  1.66e-07  1.08e-07  7.44e-08  3.86e-07
  2.72e-07         0  6.36e-08  4.32e-07  5.52e-07         0  6.36e-08  4.32e-07  3.05e-07  7.55e-08  8.82e-08  3.17e-07  4.42e-07         0  8.82e-08  3.17e-07  3.05e-07  7.55e-08
  6.34e-08         0  4.16e-07  8.83e-08   1.3e-07         0  4.16e-07  8.83e-08  4.33e-08  2.34e-07  3.39e-07  9.33e-08  1.39e-07         0  3.39e-07  9.33e-08  4.33e-08  2.34e-07
  2.34e-07         0  3.23e-07   1.7e-07  1.32e-07         0  3.23e-07   1.7e-07  1.71e-07  3.17e-07  3.94e-07  1.59e-07  1.89e-07         0  3.94e-07  1.59e-07  1.71e-07  3.17e-07
  5.41e-07         0  1.24e-07  3.22e-07  2.25e-07         0  1.24e-07  3.22e-07  3.37e-07  1.63e-07  1.86e-07  3.96e-07  3.24e-07         0  1.86e-07  3.96e-07  3.37e-07  1.63e-07
  2.73e-08         0   3.4e-07  5.71e-08  6.29e-08         0   3.4e-07  5.71e-08  8.11e-08  3.39e-07  3.87e-07  1.22e-07  1.12e-07         0  3.87e-07  1.22e-07  8.11e-08  3.39e-07
  2.05e-07         0  3.15e-08  2.38e-07  3.98e-07         0  3.15e-08  2.38e-07  3.44e-07  8.89e-08  6.76e-08  3.95e-07  3.74e-07         0  6.76e-08  3.95e-07  3.44e-07  8.89e-08
  1.68e-07         0  8.17e-08     5e-07  2.36e-07         0  8.17e-08     5e-07  2.16e-07  1.69e-07  1.27e-07  4.76e-07  5.76e-07         0  1.27e-07  4.76e-07  2.16e-07  1.69e-07
  1.48e-07         0   4.7e-07  8.13e-08  1.42e-07         0   4.7e-07  8.13e-08   2.7e-08  1.42e-07  4.05e-07  7.03e-08  1.13e-07         0  4.05e-07  7.03e-08   2.7e-08  1.42e-07
  1.36e-07         0  3.67e-07  1.56e-07  1.29e-07         0  3.67e-07  1.56e-07  5.43e-08  5.98e-07  2.33e-07  1.78e-07  8.13e-08         0  2.33e-07  1.78e-07  5.43e-08  5.98e-07
  1.38e-07         0  6.12e-08  2.58e-07  9.66e-08         0  6.12e-08  2.58e-07  5.83e-07  1.49e-07  7.95e-08  1.53e-07  3.36e-07         0  7.95e-08  1.53e-07  5.83e-07  1.49e-07
  1.22e-07         0  3.22e-07  6.23e-08  1.19e-07         0  3.22e-07  6.23e-08  8.23e-09  1.59e-07  4.42e-07  3.61e-08   1.1e-07         0  4.42e-07  3.61e-08  8.23e-09  1.59e-07
  5.49e-07         0  1.05e-07  3.57e-07  5.19e-07         0  1.05e-07  3.57e-07   2.2e-07  1.04e-07  1.55e-07   4.5e-07  4.98e-07         0  1.55e-07   4.5e-07   2.2e-07  1.04e-07
  1.28e-07         0  2.47e-07  6.59e-08  1.24e-07         0  2.47e-07  6.59e-08   3.2e-08  4.69e-08  4.62e-07   4.5e-08  1.24e-07         0  4.62e-07   4.5e-08   3.2e-08  4.69e-08
  3.82e-07         0  1.31e-07  3.52e-07  6.08e-07         0  1.31e-07  3.52e-07  2.41e-07   1.7e-07  1.44e-07  5.02e-07  3.32e-07         0  1.44e-07  5.02e-07  2.41e-07   1.7e-07
  5.23e-07         0  1.21e-07  4.45e-07  2.57e-08         0  1.21e-07  4.45e-07  6.29e-08  8.82e-08  8.55e-08  1.95e-07   3.6e-07         0  8.55e-08  1.95e-07  6.29e-08  8.82e-08
  2.08e-07         0  4.53e-07  1.67e-07  9.86e-08         0  4.53e-07  1.67e-07  2.68e-08  1.83e-07  9.22e-08  9.67e-08  1.21e-07         0  9.22e-08  9.67e-08  2.68e-08  1.83e-07

Errors from T 
1.99e-06 0 1.4e-06 1.41e-06 2e-06 1.41e-06 1.4e-06 0 1.39e-06 1.4e-06 1.41e-06 1.43e-06 1.98e-06 0 1.41e-06 1.43e-06 1.39e-06 1.4e-06

T error matrix
  1.99e-06         0  2.34e-07  2.33e-07   1.8e-07         0  2.34e-07  2.33e-07  1.81e-07  2.32e-07  3.83e-07  7.51e-08  2.19e-07         0  3.83e-07  7.51e-08  1.81e-07  2.32e-07
         0         0         0         0         0         0         0         0         0         0         0         0         0         0         0         0         0         0
  2.34e-07         0   1.4e-06  1.72e-07  3.37e-07         0   1.4e-06  1.72e-07   2.5e-07  2.48e-07  2.31e-07  1.35e-07  1.99e-07         0  2.31e-07  1.35e-07   2.5e-07  2.48e-07
  2.33e-07         0  1.72e-07  1.41e-06  6.61e-08         0  1.72e-07  1.41e-06  3.62e-07  3.59e-07  1.35e-07  1.41e-07  2.22e-07         0  1.35e-07  1.41e-07  3.62e-07  3.59e-07
   1.8e-07         0  3.37e-07  6.61e-08     2e-06         0  3.37e-07  6.61e-08  2.28e-07  1.61e-07  1.57e-07  1.13e-07   1.2e-07         0  1.57e-07  1.13e-07  2.28e-07  1.61e-07
         0         0         0         0         0         0         0         0         0         0         0         0         0         0         0         0         0         0
  2.34e-07         0   1.4e-06  1.72e-07  3.37e-07         0   1.4e-06  1.72e-07   2.5e-07  2.48e-07  2.31e-07  1.35e-07  1.99e-07         0  2.31e-07  1.35e-07   2.5e-07  2.48e-07
  2.33e-07         0  1.72e-07  1.41e-06  6.61e-08         0  1.72e-07  1.41e-06  3.62e-07  3.59e-07  1.35e-07  1.41e-07  2.22e-07         0  1.35e-07  1.41e-07  3.62e-07  3.59e-07
  1.81e-07         0   2.5e-07  3.62e-07  2.28e-07         0   2.5e-07  3.62e-07  1.39e-06  1.28e-07  2.14e-07  1.79e-07     1e-07         0  2.14e-07  1.79e-07  1.39e-06  1.28e-07
  2.32e-07         0  2.48e-07  3.59e-07  1.61e-07         0  2.48e-07  3.59e-07  1.28e-07   1.4e-06  1.32e-07  2.63e-07  3.69e-08         0  1.32e-07  2.63e-07  1.28e-07   1.4e-06
  3.83e-07         0  2.31e-07  1.35e-07  1.57e-07         0  2.31e-07  1.35e-07  2.14e-07  1.32e-07  1.41e-06  2.19e-07  2.18e-07         0  1.41e-06  2.19e-07  2.14e-07  1.32e-07
  7.51e-08         0  1.35e-07  1.41e-07  1.13e-07         0  1.35e-07  1.41e-07  1.79e-07  2.63e-07  2.19e-07  1.43e-06  1.51e-07         0  2.19e-07  1.43e-06  1.79e-07  2.63e-07
  2.19e-07         0  1.99e-07  2.22e-07   1.2e-07         0  1.99e-07  2.22e-07     1e-07  3.69e-08  2.18e-07  1.51e-07  1.98e-06         0  2.18e-07  1.51e-07     1e-07  3.69e-08
         0         0         0         0         0         0         0         0         0         0         0         0         0         0         0         0         0         0
  3.83e-07         0  2.31e-07  1.35e-07  1.57e-07         0  2.31e-07  1.35e-07  2.14e-07  1.32e-07  1.41e-06  2.19e-07  2.18e-07         0  1.41e-06  2.19e-07  2.14e-07  1.32e-07
  7.51e-08         0  1.35e-07  1.41e-07  1.13e-07         0  1.35e-07  1.41e-07  1.79e-07  2.63e-07  2.19e-07  1.43e-06  1.51e-07 5.44e-162  2.19e-07  1.43e-06  1.79e-07  2.63e-07
  1.81e-07         0   2.5e-07  3.62e-07  2.28e-07         0   2.5e-07  3.62e-07  1.39e-06  1.28e-07  2.14e-07  1.79e-07     1e-07         0  2.14e-07  1.79e-07  1.39e-06  1.28e-07
  2.32e-07         0  2.48e-07  3.59e-07  1.61e-07         0  2.48e-07  3.59e-07  1.28e-07   1.4e-06  1.32e-07  2.63e-07  3.69e-08         0  1.32e-07  2.63e-07  1.28e-07   1.4e-06

20 bin of M 
(3.51e-05,0)   (-3.56e-07,-3.79e-07)   (4.21e-07,0)   (3.56e-07,-3.79e-07)   (2.37e-08,1.25e-07)   (-9.87e-07,2.79e-08)   (-1.1e-06,0)   (9.87e-07,2.79e-08)   (2.37e-08,-1.25e-07)   (0,0)   

3.51e-05 0 -3.56e-07 -3.79e-07 4.21e-07 0 3.56e-07 -3.79e-07 2.37e-08 1.25e-07 -9.87e-07 2.79e-08 -1.1e-06 0 9.87e-07 2.79e-08 2.37e-08 -1.25e-07 0 0 

20 bin of T 
(7.06e-05,0)   (9.73e-07,-9.66e-07)   (5.78e-07,0)   (-9.73e-07,-9.66e-07)   (-5.85e-07,-9.57e-07)   (2.61e-06,1e-07)   (8.56e-07,0)   (-2.61e-06,1e-07)   (-5.85e-07,9.57e-07)   (0,0)   

M matrix 
  3.51e-05         0 -3.56e-07 -3.79e-07  4.21e-07         0  3.56e-07 -3.79e-07  2.37e-08  1.25e-07 -9.87e-07  2.79e-08  -1.1e-06         0  9.87e-07  2.79e-08  2.37e-08 -1.25e-07
         0  3.51e-05  3.79e-07 -3.56e-07         0  4.21e-07  3.79e-07  3.56e-07 -1.25e-07  2.37e-08 -2.79e-08 -9.87e-07         0  -1.1e-06 -2.79e-08  9.87e-07  1.25e-07  2.37e-08
 -3.56e-07  3.79e-07  3.56e-05         0 -7.64e-07 -2.16e-08  -2.6e-08  1.37e-07  -3.9e-07 -4.16e-07  3.26e-07         0  1.59e-07  -1.7e-07         0         0         0         0
 -3.79e-07 -3.56e-07         0  3.56e-05  2.16e-08 -7.64e-07 -1.37e-07  -2.6e-08  4.16e-07  -3.9e-07         0  3.26e-07   1.7e-07  1.59e-07         0         0         0         0
  4.21e-07         0 -7.64e-07  2.16e-08  3.41e-05         0  7.64e-07  2.16e-08         0         0 -2.76e-07 -2.94e-07  3.76e-07         0  2.76e-07 -2.94e-07         0         0
         0  4.21e-07 -2.16e-08 -7.64e-07         0  3.41e-05 -2.16e-08  7.64e-07         0         0  2.94e-07 -2.76e-07         0  3.76e-07  2.94e-07  2.76e-07         0         0
  3.56e-07  3.79e-07  -2.6e-08 -1.37e-07  7.64e-07 -2.16e-08  3.56e-05         0         0         0         0         0 -1.59e-07  -1.7e-07  3.26e-07         0   3.9e-07 -4.16e-07
 -3.79e-07  3.56e-07  1.37e-07  -2.6e-08  2.16e-08  7.64e-07         0  3.56e-05         0         0         0         0   1.7e-07 -1.59e-07         0  3.26e-07  4.16e-07   3.9e-07
  2.37e-08 -1.25e-07  -3.9e-07  4.16e-07         0         0         0         0  3.58e-05         0 -7.72e-07 -2.19e-08 -1.52e-08  7.96e-08         0         0         0         0
  1.25e-07  2.37e-08 -4.16e-07  -3.9e-07         0         0         0         0         0  3.58e-05  2.19e-08 -7.72e-07 -7.96e-08 -1.52e-08         0         0         0         0
 -9.87e-07 -2.79e-08  3.26e-07         0 -2.76e-07  2.94e-07         0         0 -7.72e-07  2.19e-08  3.47e-05         0 -3.15e-07 -8.92e-09 -1.86e-08  9.75e-08         0         0
  2.79e-08 -9.87e-07         0  3.26e-07 -2.94e-07 -2.76e-07         0         0 -2.19e-08 -7.72e-07         0  3.47e-05  8.92e-09 -3.15e-07 -9.75e-08 -1.86e-08         0         0
  -1.1e-06         0  1.59e-07   1.7e-07  3.76e-07         0 -1.59e-07   1.7e-07 -1.52e-08 -7.96e-08 -3.15e-07  8.92e-09  3.44e-05         0  3.15e-07  8.92e-09 -1.52e-08  7.96e-08
         0  -1.1e-06  -1.7e-07  1.59e-07         0  3.76e-07  -1.7e-07 -1.59e-07  7.96e-08 -1.52e-08 -8.92e-09 -3.15e-07         0  3.44e-05 -8.92e-09  3.15e-07 -7.96e-08 -1.52e-08
  9.87e-07 -2.79e-08         0         0  2.76e-07  2.94e-07  3.26e-07         0         0         0 -1.86e-08 -9.75e-08  3.15e-07 -8.92e-09  3.47e-05         0  7.72e-07  2.19e-08
  2.79e-08  9.87e-07         0         0 -2.94e-07  2.76e-07         0  3.26e-07         0         0  9.75e-08 -1.86e-08  8.92e-09  3.15e-07         0  3.47e-05 -2.19e-08  7.72e-07
  2.37e-08  1.25e-07         0         0         0         0   3.9e-07  4.16e-07         0         0         0         0 -1.52e-08 -7.96e-08  7.72e-07 -2.19e-08  3.58e-05         0
 -1.25e-07  2.37e-08         0         0         0         0 -4.16e-07   3.9e-07         0         0         0         0  7.96e-08 -1.52e-08  2.19e-08  7.72e-07         0  3.58e-05

20 bin of C 
2.02   7.9e-17   0.0453   -0.0064   -0.00482   1.1e-18   -0.0453   -0.0064   -0.0142   -0.0332   0.133   0.000143   0.0914   7.72e-18   -0.133   0.000143   -0.0142   0.0332   

20 bin of reconstructed M 
7.06e-05   2.65e-21   9.73e-07   -9.66e-07   5.78e-07   2.22e-22   -9.73e-07   -9.66e-07   -5.85e-07   -9.57e-07   2.61e-06   1e-07   8.56e-07   1.88e-22   -2.61e-06   1e-07   -5.85e-07   9.57e-07   

C error matrix
  1.43e-06         0  2.48e-07  7.45e-07  1.05e-06         0  2.48e-07  7.45e-07   8.2e-07  1.21e-07  2.75e-07   6.6e-07  7.78e-07 2.22e-162  2.75e-07   6.6e-07   8.2e-07  1.21e-07
  2.61e-07         0  8.01e-07  2.43e-07  2.23e-07         0  8.01e-07  2.43e-07  1.88e-07  8.51e-07  6.76e-07  2.02e-07  1.52e-07 3.14e-162  6.76e-07  2.02e-07  1.88e-07  8.51e-07
  2.15e-07         0  6.29e-07  1.23e-06  5.68e-07         0  6.29e-07  1.23e-06  1.29e-06  4.61e-07  4.83e-07   8.6e-07  7.79e-07 2.22e-162  4.83e-07   8.6e-07  1.29e-06  4.61e-07
  1.98e-07         0  1.16e-06  6.49e-07  2.35e-08         0  1.16e-06  6.49e-07   5.7e-07  1.24e-06  8.34e-07   4.4e-07  3.03e-07 2.22e-162  8.34e-07   4.4e-07   5.7e-07  1.24e-06
  4.49e-07         0  8.44e-07  5.26e-08  2.28e-07         0  8.44e-07  5.26e-08  2.45e-07  9.32e-07  9.39e-07  3.28e-07  2.69e-07         0  9.39e-07  3.28e-07  2.45e-07  9.32e-07
  1.37e-06         0  1.48e-07  9.04e-07  6.56e-07         0  1.48e-07  9.04e-07  9.49e-07  2.54e-07   1.1e-07  9.38e-07  1.06e-06 2.22e-162   1.1e-07  9.38e-07  9.49e-07  2.54e-07
  9.29e-08         0  6.17e-07  3.58e-07  5.05e-07         0  6.17e-07  3.58e-07  3.77e-07  1.15e-06  6.47e-07  3.38e-07  2.98e-07 3.14e-162  6.47e-07  3.38e-07  3.77e-07  1.15e-06
  7.75e-07         0  2.11e-07  4.88e-07  1.23e-06         0  2.11e-07  4.88e-07  1.11e-06  3.96e-07  2.87e-07  6.25e-07  7.14e-07 3.14e-162  2.87e-07  6.25e-07  1.11e-06  3.96e-07
  6.04e-07         0  2.47e-07  9.32e-07  1.03e-06         0  2.47e-07  9.32e-07  6.62e-07  3.23e-07  1.74e-07  9.37e-07  1.58e-06 2.22e-162  1.74e-07  9.37e-07  6.62e-07  3.23e-07
  3.09e-07         0  9.26e-07  1.97e-07  4.15e-08         0  9.26e-07  1.97e-07  2.57e-07  5.94e-07   9.4e-07  2.44e-07  2.98e-07         0   9.4e-07  2.44e-07  2.57e-07  5.94e-07
  2.66e-07         0  1.39e-06  3.38e-07  3.54e-07         0  1.39e-06  3.38e-07  2.53e-07  1.17e-06  4.59e-07  2.38e-07  1.82e-07 3.14e-162  4.59e-07  2.38e-07  2.53e-07  1.17e-06
  1.12e-06         0  9.16e-08  1.37e-06  5.42e-07         0  9.16e-08  1.37e-06  1.07e-06  3.49e-07   1.7e-07  5.28e-07  3.29e-07         0   1.7e-07  5.28e-07  1.07e-06  3.49e-07
  3.79e-07         0  4.94e-08  5.86e-07  8.68e-07         0  4.94e-08  5.86e-07  4.65e-07   2.1e-07  2.34e-07  1.49e-06   1.2e-06 3.14e-162  2.34e-07  1.49e-06  4.65e-07   2.1e-07
  3.96e-07         0  5.41e-07  1.72e-07  1.02e-07         0  5.41e-07  1.72e-07  2.02e-07   4.8e-07  1.47e-06   2.3e-07  2.06e-07 3.85e-162  1.47e-06   2.3e-07  2.02e-07   4.8e-07
  3.11e-07         0  3.66e-07  1.17e-07  7.63e-07         0  3.66e-07  1.17e-07  3.05e-07  7.03e-07  8.56e-07  3.91e-07  1.05e-07 3.14e-162  8.56e-07  3.91e-07  3.05e-07  7.03e-07
  8.41e-07         0  3.03e-07  2.68e-07  1.73e-06         0  3.03e-07  2.68e-07  7.28e-07  2.08e-07  4.65e-07  8.88e-07  1.58e-07 3.14e-162  4.65e-07  8.88e-07  7.28e-07  2.08e-07
  1.52e-06         0  1.72e-07  4.92e-07  1.04e-06         0  1.72e-07  4.92e-07  5.36e-07  1.61e-07  3.21e-07  5.72e-07  1.48e-06 2.22e-162  3.21e-07  5.72e-07  5.36e-07  1.61e-07
  1.67e-07         0  3.86e-07  1.36e-07  4.37e-08         0  3.86e-07  1.36e-07  6.86e-08  5.23e-07   5.8e-07  1.27e-07  6.99e-08 3.14e-162   5.8e-07  1.27e-07  6.86e-08  5.23e-07

Errors from T 
3.16e-06 0 2.22e-06 2.29e-06 3.11e-06 2.29e-06 2.22e-06 0 2.27e-06 2.25e-06 2.19e-06 2.26e-06 3.12e-06 0 2.19e-06 2.26e-06 2.27e-06 2.25e-06

T error matrix
  3.16e-06         0  2.67e-07  5.14e-07  6.76e-08         0  2.67e-07  5.14e-07  5.42e-07  4.92e-07  3.36e-07  2.89e-07  6.23e-07         0  3.36e-07  2.89e-07  5.42e-07  4.92e-07
         0         0         0         0         0         0         0         0         0         0         0         0         0         0         0         0         0         0
  2.67e-07         0  2.22e-06  3.64e-07  2.96e-07         0  2.22e-06  3.64e-07  4.12e-07  2.08e-07   4.7e-08  3.59e-07  4.27e-07         0   4.7e-08  3.59e-07  4.12e-07  2.08e-07
  5.14e-07         0  3.64e-07  2.29e-06  2.54e-07         0  3.64e-07  2.29e-06       nan  1.75e-07  3.59e-07  1.67e-07  1.98e-07         0  3.59e-07  1.67e-07  4.63e-07  1.75e-07
  6.76e-08         0  2.96e-07  2.54e-07  3.11e-06 3.14e-162  2.96e-07  2.54e-07  1.46e-07  4.27e-07  3.43e-07  5.45e-07  1.85e-07         0  3.43e-07  5.45e-07  1.46e-07  4.27e-07
         0         0         0         0         0         0         0         0         0         0         0         0         0         0         0         0         0         0
  2.67e-07         0  2.22e-06  3.64e-07  2.96e-07         0  2.22e-06  3.64e-07  4.12e-07  2.08e-07   4.7e-08  3.59e-07  4.27e-07         0   4.7e-08  3.59e-07  4.12e-07  2.08e-07
  5.14e-07         0  3.64e-07  2.29e-06  2.54e-07 5.44e-162  3.64e-07  2.29e-06  4.63e-07  1.75e-07  3.59e-07  1.67e-07  1.98e-07         0  3.59e-07  1.67e-07       nan  1.75e-07
  5.42e-07         0  4.12e-07  4.63e-07  1.46e-07         0  4.12e-07  4.63e-07  2.27e-06   2.2e-07  2.18e-07   2.4e-07  3.99e-07         0  2.18e-07   2.4e-07  2.27e-06   2.2e-07
  4.92e-07         0  2.08e-07  1.75e-07  4.27e-07         0  2.08e-07  1.75e-07   2.2e-07  2.25e-06  2.23e-07  3.95e-07       nan         0  2.23e-07  3.95e-07   2.2e-07  2.25e-06
  3.36e-07         0   4.7e-08  3.59e-07  3.43e-07         0   4.7e-08  3.59e-07  2.18e-07  2.23e-07  2.19e-06  1.98e-07  1.19e-07         0  2.19e-06  1.98e-07  2.18e-07  2.23e-07
  2.89e-07         0  3.59e-07  1.67e-07  5.45e-07         0  3.59e-07  1.67e-07   2.4e-07  3.95e-07  1.98e-07  2.26e-06  2.77e-07         0  1.98e-07  2.26e-06   2.4e-07  3.95e-07
  6.23e-07         0  4.27e-07  1.98e-07  1.85e-07         0  4.27e-07  1.98e-07  3.99e-07  4.73e-07  1.19e-07  2.77e-07  3.12e-06         0  1.19e-07  2.77e-07  3.99e-07  4.73e-07
         0         0         0         0         0         0         0         0         0         0         0         0         0         0         0         0         0         0
  3.36e-07         0   4.7e-08  3.59e-07  3.43e-07         0   4.7e-08  3.59e-07  2.18e-07  2.23e-07  2.19e-06  1.98e-07  1.19e-07         0  2.19e-06  1.98e-07  2.18e-07  2.23e-07
  2.89e-07         0  3.59e-07  1.67e-07  5.45e-07         0  3.59e-07  1.67e-07   2.4e-07  3.95e-07  1.98e-07  2.26e-06  2.77e-07         0  1.98e-07  2.26e-06   2.4e-07  3.95e-07
  5.42e-07         0  4.12e-07  4.63e-07  1.46e-07         0  4.12e-07  4.63e-07  2.27e-06   2.2e-07  2.18e-07   2.4e-07  3.99e-07         0  2.18e-07   2.4e-07  2.27e-06   2.2e-07
  4.92e-07         0  2.08e-07  1.75e-07  4.27e-07         0  2.08e-07  1.75e-07   2.2e-07  2.25e-06  2.23e-07  3.95e-07  4.73e-07         0  2.23e-07  3.95e-07   2.2e-07  2.25e-06

20 bin of M 
(9.36e-05,0)   (2.75e-07,2.25e-06)   (-1.1e-06,0)   (-2.75e-07,2.25e-06)   (4.11e-07,-1.39e-06)   (1.03e-06,-1.57e-06)   (-2.68e-06,0)   (-1.03e-06,-1.57e-06)   (4.11e-07,1.39e-06)   (0,0)   

9.36e-05 0 2.75e-07 2.25e-06 -1.1e-06 0 -2.75e-07 2.25e-06 4.11e-07 -1.39e-06 1.03e-06 -1.57e-06 -2.68e-06 0 -1.03e-06 -1.57e-06 4.11e-07 1.39e-06 0 0 

20 bin of T 
(0.000178,0)   (-1.27e-06,-4.72e-06)   (-8.14e-08,0)   (1.27e-06,-4.72e-06)   (-5.24e-06,-4.32e-06)   (-2.01e-06,1.49e-06)   (-6.91e-06,0)   (2.01e-06,1.49e-06)   (-5.24e-06,4.32e-06)   (0,0)   

M matrix 
  9.36e-05         0  2.75e-07  2.25e-06  -1.1e-06         0 -2.75e-07  2.25e-06  4.11e-07 -1.39e-06  1.03e-06 -1.57e-06 -2.68e-06         0 -1.03e-06 -1.57e-06  4.11e-07  1.39e-06
         0  9.36e-05 -2.25e-06  2.75e-07         0  -1.1e-06 -2.25e-06 -2.75e-07  1.39e-06  4.11e-07  1.57e-06  1.03e-06         0 -2.68e-06  1.57e-06 -1.03e-06 -1.39e-06  4.11e-07
  2.75e-07 -2.25e-06  9.48e-05         0  7.98e-07  1.21e-06  -4.5e-07 -1.53e-06  3.01e-07  2.46e-06 -8.54e-07         0 -1.23e-07  1.01e-06         0         0         0         0
  2.25e-06  2.75e-07         0  9.48e-05 -1.21e-06  7.98e-07  1.53e-06  -4.5e-07 -2.46e-06  3.01e-07         0 -8.54e-07 -1.01e-06 -1.23e-07         0         0         0         0
  -1.1e-06         0  7.98e-07 -1.21e-06  9.12e-05         0 -7.98e-07 -1.21e-06         0         0  2.13e-07  1.74e-06 -9.86e-07         0 -2.13e-07  1.74e-06         0         0
         0  -1.1e-06  1.21e-06  7.98e-07         0  9.12e-05  1.21e-06 -7.98e-07         0         0 -1.74e-06  2.13e-07         0 -9.86e-07 -1.74e-06 -2.13e-07         0         0
 -2.75e-07 -2.25e-06  -4.5e-07  1.53e-06 -7.98e-07  1.21e-06  9.48e-05         0         0         0         0         0  1.23e-07  1.01e-06 -8.54e-07         0 -3.01e-07  2.46e-06
  2.25e-06 -2.75e-07 -1.53e-06  -4.5e-07 -1.21e-06 -7.98e-07         0  9.48e-05         0         0         0         0 -1.01e-06  1.23e-07         0 -8.54e-07 -2.46e-06 -3.01e-07
  4.11e-07  1.39e-06  3.01e-07 -2.46e-06         0         0         0         0  9.53e-05         0  8.06e-07  1.23e-06 -2.63e-07 -8.91e-07         0         0         0         0
 -1.39e-06  4.11e-07  2.46e-06  3.01e-07         0         0         0         0         0  9.53e-05 -1.23e-06  8.06e-07  8.91e-07 -2.63e-07         0         0         0         0
  1.03e-06  1.57e-06 -8.54e-07         0  2.13e-07 -1.74e-06         0         0  8.06e-07 -1.23e-06  9.27e-05         0  3.29e-07  5.01e-07 -3.22e-07 -1.09e-06         0         0
 -1.57e-06  1.03e-06         0 -8.54e-07  1.74e-06  2.13e-07         0         0  1.23e-06  8.06e-07         0  9.27e-05 -5.01e-07  3.29e-07  1.09e-06 -3.22e-07         0         0
 -2.68e-06         0 -1.23e-07 -1.01e-06 -9.86e-07         0  1.23e-07 -1.01e-06 -2.63e-07  8.91e-07  3.29e-07 -5.01e-07  9.19e-05         0 -3.29e-07 -5.01e-07 -2.63e-07 -8.91e-07
         0 -2.68e-06  1.01e-06 -1.23e-07         0 -9.86e-07  1.01e-06  1.23e-07 -8.91e-07 -2.63e-07  5.01e-07  3.29e-07         0  9.19e-05  5.01e-07 -3.29e-07  8.91e-07 -2.63e-07
 -1.03e-06  1.57e-06         0         0 -2.13e-07 -1.74e-06 -8.54e-07         0         0         0 -3.22e-07  1.09e-06 -3.29e-07  5.01e-07  9.27e-05         0 -8.06e-07 -1.23e-06
 -1.57e-06 -1.03e-06         0         0  1.74e-06 -2.13e-07         0 -8.54e-07         0         0 -1.09e-06 -3.22e-07 -5.01e-07 -3.29e-07         0  9.27e-05  1.23e-06 -8.06e-07
  4.11e-07 -1.39e-06         0         0         0         0 -3.01e-07 -2.46e-06         0         0         0         0 -2.63e-07  8.91e-07 -8.06e-07  1.23e-06  9.53e-05         0
  1.39e-06  4.11e-07         0         0         0         0  2.46e-06 -3.01e-07         0         0         0         0 -8.91e-07 -2.63e-07 -1.23e-06 -8.06e-07         0  9.53e-05

20 bin of C 
1.91   -1.51e-16   -0.0204   -0.0972   0.0181   -1.6e-16   0.0204   -0.0972   -0.0661   -0.0173   -0.0421   0.0477   -0.0208   -2.02e-16   0.0421   0.0477   -0.0661   0.0173   

20 bin of reconstructed M 
0.000178   -1.36e-20   -1.27e-06   -4.72e-06   -8.14e-08   -1.34e-20   1.27e-06   -4.72e-06   -5.24e-06   -4.32e-06   -2.01e-06   1.49e-06   -6.91e-06   -1.77e-20   2.01e-06   1.49e-06   -5.24e-06   4.32e-06   

C error matrix
   2.6e-07         0  1.84e-06  2.11e-07  2.45e-07 3.14e-162  1.84e-06  2.11e-07     1e-06  1.19e-06  1.43e-06  3.39e-07     1e-06         0  1.43e-06  3.39e-07     1e-06  1.19e-06
  2.23e-06         0  1.76e-07  1.91e-06   1.5e-06 3.14e-162  1.76e-07  1.91e-06     1e-06  1.56e-07  2.93e-07  1.49e-06     1e-06         0  2.93e-07  1.49e-06     1e-06  1.56e-07
  8.37e-07         0  2.43e-07  1.68e-06  1.14e-06 3.14e-162  2.43e-07  1.68e-06     1e-06  1.38e-07  5.96e-08  9.67e-07     1e-06         0  5.96e-08  9.67e-07     1e-06  1.38e-07
   4.9e-07         0   1.7e-06  2.21e-07  4.51e-07 2.22e-162   1.7e-06  2.21e-07     1e-06   2.1e-06   8.8e-07  4.63e-07     1e-06         0   8.8e-07  4.63e-07     1e-06   2.1e-06
  3.56e-07         0  7.22e-07  1.17e-07  3.09e-07 3.14e-162  7.22e-07  1.17e-07     1e-06  1.61e-06  7.11e-07  2.64e-07     1e-06         0  7.11e-07  2.64e-07     1e-06  1.61e-06
  2.24e-06         0  2.65e-07  8.99e-07  6.56e-07 2.22e-162  2.65e-07  8.99e-07     1e-06  2.66e-07  3.03e-07  6.67e-07     1e-06         0  3.03e-07  6.67e-07     1e-06  2.66e-07
  2.98e-07         0  3.36e-07  1.15e-06  2.05e-06 3.14e-162  3.36e-07  1.15e-06     1e-06  4.04e-07  5.75e-07  2.03e-06     1e-06         0  5.75e-07  2.03e-06     1e-06  4.04e-07
  4.19e-07         0  1.13e-06   2.5e-07  3.12e-07 2.22e-162  1.13e-06   2.5e-07     1e-06  1.16e-06  1.96e-06  3.89e-07     1e-06         0  1.96e-06  3.89e-07     1e-06  1.16e-06
  7.27e-07         0  4.65e-07   1.7e-06  1.43e-06 3.85e-162  4.65e-07   1.7e-06     1e-06  2.45e-07     3e-07  1.29e-06     1e-06         0     3e-07  1.29e-06     1e-06  2.45e-07
  3.35e-07         0  1.59e-06  2.99e-07  2.39e-07 2.22e-162  1.59e-06  2.99e-07     1e-06  1.97e-06  1.25e-06     2e-07     1e-06         0  1.25e-06     2e-07     1e-06  1.97e-06
  5.85e-08         0  2.84e-07  1.11e-06  1.98e-06 3.14e-162  2.84e-07  1.11e-06     1e-06  1.84e-07  3.61e-07  1.34e-06     1e-06         0  3.61e-07  1.34e-06     1e-06  1.84e-07
  3.36e-07         0  1.09e-06  4.91e-07  7.83e-07 2.22e-162  1.09e-06  4.91e-07     1e-06  1.11e-06  1.28e-06  5.61e-07     1e-06         0  1.28e-06  5.61e-07     1e-06  1.11e-06
  7.39e-07         0  7.31e-07  1.88e-06  1.12e-06 3.14e-162  7.31e-07  1.88e-06     1e-06  3.28e-07  5.68e-07  1.73e-06     1e-06         0  5.68e-07  1.73e-06     1e-06  3.28e-07
  3.33e-07         0   1.8e-06   3.6e-07  4.39e-07 2.22e-162   1.8e-06   3.6e-07     1e-06  9.72e-07  1.67e-06  4.06e-07     1e-06         0  1.67e-06  4.06e-07     1e-06  9.72e-07
  2.24e-06         0  2.69e-07  2.56e-07  2.23e-06         0  2.69e-07  2.56e-07     1e-06  4.87e-07  2.32e-07  4.87e-07     1e-06         0  2.32e-07  4.87e-07     1e-06  4.87e-07
  1.39e-06         0  5.41e-07   5.7e-08  1.39e-06 2.22e-162  5.41e-07   5.7e-08     1e-06  5.58e-07  6.97e-07   2.7e-07     1e-06         0  6.97e-07   2.7e-07     1e-06  5.58e-07
  9.79e-08         0  1.69e-06  3.62e-07  5.01e-07 2.22e-162  1.69e-06  3.62e-07     1e-06  1.41e-06  1.91e-06  3.26e-07     1e-06         0  1.91e-06  3.26e-07     1e-06  1.41e-06
  2.13e-06         0  3.63e-07  1.74e-06  2.08e-06 3.14e-162  3.63e-07  1.74e-06     1e-06  4.42e-07  2.34e-07  1.93e-06     1e-06         0  2.34e-07  1.93e-06     1e-06  4.42e-07

Errors from T 
4.15e-06 0 2.91e-06 2.99e-06 4.1e-06 2.99e-06 2.91e-06 0 2.95e-06 2.95e-06 2.9e-06 2.97e-06 4.08e-06 0 2.9e-06 2.97e-06 2.95e-06 2.95e-06

T error matrix
  4.14e-06         0   3.9e-07  2.12e-08  4.14e-07         0   3.9e-07  2.12e-08  6.81e-07  3.68e-07  3.59e-07  1.43e-07  6.72e-07         0  3.59e-07  1.43e-07  6.81e-07  3.68e-07
         0         0         0         0         0         0         0         0         0         0         0         0         0         0         0         0         0         0
   3.9e-07         0  2.91e-06  2.73e-07  3.16e-07         0  2.91e-06  2.73e-07  3.62e-07  2.53e-07  2.18e-07  1.04e-07  4.71e-07         0  2.18e-07  1.04e-07  3.62e-07  2.53e-07
  2.12e-08         0  2.73e-07  2.99e-06  1.26e-07         0  2.73e-07  2.99e-06  2.56e-07  2.87e-07  1.04e-07  2.83e-07  4.72e-08         0  1.04e-07  2.83e-07  2.56e-07  2.87e-07
  4.14e-07         0  3.16e-07  1.26e-07   4.1e-06         0  3.16e-07  1.26e-07  1.51e-07  1.24e-07  6.73e-07  4.46e-08  4.04e-07         0  6.73e-07  4.46e-08  1.51e-07  1.24e-07
         0         0         0         0         0         0         0         0         0         0         0         0         0         0         0         0         0         0
   3.9e-07         0  2.91e-06  2.73e-07  3.16e-07         0  2.91e-06  2.73e-07  3.62e-07  2.53e-07  2.18e-07  1.04e-07  4.71e-07         0  2.18e-07  1.04e-07  3.62e-07  2.53e-07
  2.12e-08         0  2.73e-07  2.99e-06  1.26e-07         0  2.73e-07  2.99e-06  2.56e-07  2.87e-07  1.04e-07  2.83e-07  4.72e-08         0  1.04e-07  2.83e-07  2.56e-07  2.87e-07
  6.81e-07         0  3.62e-07  2.56e-07  1.51e-07         0  3.62e-07  2.56e-07  2.95e-06  2.24e-07  1.88e-07  8.37e-08  5.25e-07         0  1.88e-07  8.37e-08  2.95e-06  2.24e-07
  3.68e-07         0  2.53e-07  2.87e-07  1.24e-07         0  2.53e-07  2.87e-07  2.24e-07  2.95e-06  1.73e-07  4.25e-07  2.46e-07         0  1.73e-07  4.25e-07  2.24e-07  2.95e-06
  3.59e-07         0  2.18e-07  1.04e-07  6.73e-07         0  2.18e-07  1.04e-07  1.88e-07  1.73e-07   2.9e-06  4.16e-07  4.92e-07         0   2.9e-06  4.16e-07  1.88e-07  1.73e-07
  1.43e-07         0  1.04e-07  2.83e-07  4.46e-08         0  1.04e-07  2.83e-07  8.37e-08  4.25e-07  4.16e-07  2.97e-06  3.19e-07         0  4.16e-07  2.97e-06  8.37e-08  4.25e-07
  6.72e-07         0  4.71e-07  4.72e-08  4.04e-07         0  4.71e-07  4.72e-08  5.25e-07  2.46e-07  4.92e-07  3.19e-07  4.08e-06         0  4.92e-07  3.19e-07  5.25e-07  2.46e-07
         0         0         0         0         0         0         0         0         0         0         0         0         0         0         0         0         0         0
  3.59e-07         0  2.18e-07  1.04e-07  6.73e-07         0  2.18e-07  1.04e-07  1.88e-07  1.73e-07   2.9e-06  4.16e-07  4.92e-07         0   2.9e-06  4.16e-07  1.88e-07  1.73e-07
  1.43e-07         0  1.04e-07  2.83e-07  4.46e-08         0  1.04e-07  2.83e-07  8.37e-08  4.25e-07  4.16e-07  2.97e-06  3.19e-07         0  4.16e-07  2.97e-06  8.37e-08  4.25e-07
  6.81e-07         0  3.62e-07  2.56e-07  1.51e-07         0  3.62e-07  2.56e-07  2.95e-06  2.24e-07  1.88e-07  8.37e-08  5.25e-07         0  1.88e-07  8.37e-08  2.95e-06  2.24e-07
  3.68e-07         0  2.53e-07  2.87e-07  1.24e-07         0  2.53e-07  2.87e-07  2.24e-07  2.95e-06  1.73e-07  4.25e-07  2.46e-07         0  1.73e-07  4.25e-07  2.24e-07  2.95e-06

20 bin of M 
(0.000188,0)   (1.71e-07,2.73e-07)   (-8.34e-07,0)   (-1.71e-07,2.73e-07)   (2.28e-06,2.19e-06)   (1.49e-07,-9.53e-07)   (-1.54e-06,0)   (-1.49e-07,-9.53e-07)   (2.28e-06,-2.19e-06)   (0,0)   

0.000188 0 1.71e-07 2.73e-07 -8.34e-07 0 -1.71e-07 2.73e-07 2.28e-06 2.19e-06 1.49e-07 -9.53e-07 -1.54e-06 0 -1.49e-07 -9.53e-07 2.28e-06 -2.19e-06 0 0 

20 bin of T 
(0.000306,0)   (-2.71e-06,8.02e-09)   (-3.06e-06,0)   (2.71e-06,8.02e-09)   (-8.26e-06,2.42e-06)   (-2.29e-06,3.63e-07)   (-8.04e-06,0)   (2.29e-06,3.63e-07)   (-8.26e-06,-2.42e-06)   (0,0)   

M matrix 
